        Frequency / GHz                S1,1 (l2=20)/abs,dB
----------------------------------------------------------------------
                       0                   -0.0035180978
            0.0040000002                   -0.0036324427
            0.0080000004                   -0.0039751052
                   0.012                   -0.0045449667
             0.016000001                   -0.0053370485
                    0.02                   -0.0063476835
                   0.024                   -0.0075708789
             0.028000001                   -0.0090008898
             0.032000002                    -0.010624944
             0.035999998                    -0.012439292
             0.039999999                    -0.014429482
                   0.044                    -0.016584856
                   0.048                    -0.018892806
             0.052000001                    -0.021339791
             0.056000002                    -0.023909753
             0.059999999                      -0.0265903
             0.064000003                    -0.029364382
             0.068000004                     -0.03221388
             0.071999997                    -0.035124267
             0.075999998                    -0.038076229
             0.079999998                    -0.041053992
             0.083999999                    -0.044037996
                   0.088                    -0.047010038
                   0.092                    -0.049953825
             0.096000001                    -0.052850726
                     0.1                    -0.055682398
                   0.104                    -0.058431779
                   0.108                    -0.061082547
                   0.112                    -0.063618645
                   0.116                    -0.066023113
                    0.12                    -0.068282351
                   0.124                    -0.070381365
              0.12800001                    -0.072308469
                   0.132                      -0.0740501
              0.13600001                    -0.075595953
                    0.14                    -0.076935955
              0.14399999                    -0.078061184
                   0.148                    -0.078965629
                   0.152                    -0.079642381
                   0.156                    -0.080086773
                    0.16                    -0.080295501
                   0.164                    -0.080267026
                   0.168                    -0.080002186
              0.17200001                    -0.079500995
                   0.176                    -0.078766905
              0.18000001                     -0.07780264
                   0.184                    -0.076615478
              0.18799999                    -0.075211417
                   0.192                    -0.073598946
              0.19599999                    -0.071785926
                     0.2                    -0.069785921
                   0.204                    -0.067609147
                   0.208                    -0.065268522
                   0.212                    -0.062779443
              0.21600001                    -0.060154373
                    0.22                     -0.05741135
              0.22400001                    -0.054565538
                   0.228                    -0.051634091
              0.23199999                    -0.048635476
                   0.236                    -0.045587248
              0.23999999                    -0.042507235
                   0.244                    -0.039414272
                   0.248                    -0.036326749
                   0.252                    -0.033264593
              0.25600001                    -0.030243613
              0.25999999                    -0.027284414
                   0.264                    -0.024403856
              0.26800001                    -0.021621333
              0.27200001                    -0.018948831
              0.27599999                    -0.016408058
                    0.28                     -0.01401231
              0.28400001                    -0.011774355
              0.28799999                   -0.0097120738
                   0.292                   -0.0078344659
                   0.296                   -0.0061556351
              0.30000001                   -0.0046844763
              0.30399999                   -0.0034313339
                   0.308                   -0.0024051078
              0.31200001                   -0.0016108634
              0.31600001                   -0.0010563668
              0.31999999                  -0.00074468752
                   0.324                  -0.00067820316
              0.32800001                  -0.00085943389
              0.33199999                   -0.0012879693
                   0.336                   -0.0019626798
                    0.34                   -0.0028798359
              0.34400001                   -0.0040362956
              0.34799999                   -0.0054258072
                   0.352                   -0.0070426885
              0.35600001                   -0.0088764963
              0.36000001                    -0.010918878
              0.36399999                     -0.01316071
                   0.368                    -0.015586213
              0.37200001                    -0.018186407
              0.37599999                    -0.020942814
                    0.38                    -0.023843824
                   0.384                    -0.026871846
              0.38800001                    -0.030010209
              0.39199999                     -0.03324042
                   0.396                    -0.036545608
              0.40000001                    -0.039905077
              0.40400001                     -0.04330082
              0.40799999                    -0.046712672
                   0.412                    -0.050121529
              0.41600001                    -0.053506696
              0.41999999                    -0.056848002
              0.42399999                    -0.060127264
                   0.428                       -0.063323
              0.43200001                    -0.066417269
              0.43599999                    -0.069390774
                    0.44                    -0.072225309
              0.44400001                    -0.074904191
              0.44800001                     -0.07741197
              0.45199999                    -0.079730887
                   0.456                    -0.081847418
              0.46000001                    -0.083747429
              0.46399999                    -0.085421542
              0.46799999                    -0.086855502
                   0.472                    -0.088041735
              0.47600001                    -0.088971386
              0.47999999                    -0.089639427
                   0.484                    -0.090040669
              0.48800001                    -0.090169996
              0.49200001                    -0.090028869
              0.49599999                    -0.089614821
                     0.5                     -0.08893159
              0.50400001                    -0.087980582
              0.50800002                     -0.08676858
              0.51200002                    -0.085301147
              0.51599997                    -0.083586661
              0.51999998                    -0.081634611
              0.52399999                    -0.079458576
                   0.528                    -0.077068625
              0.53200001                    -0.074479773
              0.53600001                    -0.071707603
              0.54000002                    -0.068768054
              0.54400003                    -0.065679332
              0.54799998                    -0.062459702
              0.55199999                    -0.059129328
              0.55599999                    -0.055707255
                    0.56                    -0.052215415
              0.56400001                    -0.048674204
              0.56800002                    -0.045105556
              0.57200003                    -0.041532973
              0.57599998                    -0.037976683
              0.57999998                    -0.034461707
              0.58399999                    -0.031006513
                   0.588                    -0.027636149
              0.59200001                    -0.024369904
              0.59600002                    -0.021229323
              0.60000002                    -0.018237429
              0.60399997                    -0.015412013
              0.60799998                    -0.012770829
              0.61199999                    -0.010335966
                   0.616                   -0.0081201189
                    0.62                    -0.006142682
              0.62400001                   -0.0044169505
              0.62800002                   -0.0029571351
              0.63200003                   -0.0017753306
              0.63599998                  -0.00088229343
              0.63999999                  -0.00028817765
              0.64399999                   -1.155532e-07
                   0.648                  -2.5280128e-05
              0.65200001                  -0.00036839555
              0.65600002                   -0.0010311498
              0.66000003                   -0.0020184764
              0.66399997                   -0.0033257305
              0.66799998                   -0.0049566155
              0.67199999                    -0.006902308
                   0.676                    -0.009161821
              0.68000001                    -0.011724708
              0.68400002                    -0.014585281
              0.68800002                    -0.017733127
              0.69199997                    -0.021156705
              0.69599998                    -0.024841829
              0.69999999                    -0.028776648
                   0.704                    -0.032942983
                   0.708                    -0.037323975
              0.71200001                     -0.04190376
              0.71600002                    -0.046659554
              0.72000003                    -0.051573207
              0.72399998                    -0.056621471
              0.72799999                    -0.061783627
              0.73199999                    -0.067036807
                   0.736                    -0.072356556
              0.74000001                     -0.07772001
              0.74400002                     -0.08310209
              0.74800003                    -0.088477999
              0.75199997                    -0.093825485
              0.75599998                    -0.099116987
              0.75999999                     -0.10433142
                   0.764                     -0.10944309
              0.76800001                     -0.11442896
              0.77200001                     -0.11926588
              0.77600002                     -0.12393508
              0.77999997                     -0.12841293
              0.78399998                     -0.13268193
              0.78799999                     -0.13672304
                   0.792                     -0.14051891
                   0.796                     -0.14405509
              0.80000001                     -0.14731677
              0.80400002                     -0.15029261
              0.80800003                     -0.15297297
              0.81199998                     -0.15534779
              0.81599998                     -0.15741214
              0.81999999                     -0.15916164
                   0.824                     -0.16059331
              0.82800001                     -0.16170838
              0.83200002                     -0.16250807
              0.83600003                     -0.16299595
              0.83999997                     -0.16318136
              0.84399998                     -0.16306979
              0.84799999                     -0.16267343
                   0.852                     -0.16200525
              0.85600001                     -0.16108048
              0.86000001                     -0.15991448
              0.86400002                     -0.15852635
              0.86799997                     -0.15693776
              0.87199998                     -0.15517061
              0.87599999                     -0.15324849
                    0.88                     -0.15119528
                   0.884                     -0.14903949
              0.88800001                      -0.1468077
              0.89200002                     -0.14452998
              0.89600003                     -0.14223401
              0.89999998                     -0.13995255
              0.90399998                     -0.13771444
              0.90799999                     -0.13555412
                   0.912                     -0.13350023
              0.91600001                     -0.13158745
              0.92000002                     -0.12984712
              0.92400002                     -0.12830975
              0.92799997                      -0.1270081
              0.93199998                     -0.12597441
              0.93599999                     -0.12523734
                    0.94                     -0.12482618
              0.94400001                     -0.12477246
              0.94800001                     -0.12510214
              0.95200002                     -0.12584332
              0.95599997                     -0.12702015
              0.95999998                     -0.12865766
              0.96399999                     -0.13077939
              0.96799999                     -0.13340462
                   0.972                     -0.13655461
              0.97600001                     -0.14024568
              0.98000002                     -0.14449538
              0.98400003                     -0.14931599
              0.98799998                      -0.1547204
              0.99199998                     -0.16071829
              0.99599999                     -0.16731835
                       1                     -0.17452532
               1.0039999                     -0.18234357
                   1.008                     -0.19077281
                   1.012                     -0.19981295
                   1.016                     -0.20946157
                    1.02                     -0.21971055
                   1.024                     -0.23055486
                   1.028                     -0.24198209
               1.0319999                     -0.25398088
                   1.036                       -0.266535
                    1.04                     -0.27962797
                   1.044                     -0.29324066
                   1.048                     -0.30735175
                   1.052                     -0.32193555
                   1.056                      -0.3369687
               1.0599999                     -0.35242092
                   1.064                     -0.36826375
                   1.068                     -0.38446426
                   1.072                     -0.40099106
                   1.076                     -0.41780709
                    1.08                     -0.43487656
                   1.084                     -0.45215978
               1.0880001                     -0.46961908
                   1.092                     -0.48721373
                   1.096                     -0.50490083
                     1.1                     -0.52263899
                   1.104                      -0.5403844
                   1.108                     -0.55809232
                   1.112                     -0.57572283
               1.1160001                     -0.59322811
                    1.12                     -0.61056503
                   1.124                     -0.62769166
                   1.128                     -0.64456402
                   1.132                     -0.66114182
                   1.136                     -0.67737977
                    1.14                     -0.69324119
               1.1440001                     -0.70868602
                   1.148                     -0.72367684
                   1.152                     -0.73818068
                   1.156                     -0.75216159
                    1.16                     -0.76558934
                   1.164                     -0.77843507
                   1.168                     -0.79067317
               1.1720001                     -0.80227888
                   1.176                     -0.81323193
               1.1799999                     -0.82351432
                   1.184                     -0.83311233
                   1.188                     -0.84201188
                   1.192                     -0.85020652
                   1.196                     -0.85768955
                     1.2                     -0.86445848
                   1.204                     -0.87051492
               1.2079999                     -0.87586159
                   1.212                     -0.88050803
                   1.216                     -0.88446372
                    1.22                      -0.8877409
                   1.224                     -0.89035673
                   1.228                      -0.8923286
                   1.232                     -0.89368102
               1.2359999                       -0.894435
                    1.24                     -0.89461587
                   1.244                     -0.89425697
                   1.248                     -0.89338278
                   1.252                     -0.89202841
                   1.256                     -0.89022809
                    1.26                     -0.88801323
               1.2640001                     -0.88542182
                   1.268                     -0.88249045
                   1.272                     -0.87925707
                   1.276                     -0.87575735
                    1.28                     -0.87203015
                   1.284                     -0.86811499
                   1.288                     -0.86404964
               1.2920001                     -0.85986934
                   1.296                     -0.85561092
                     1.3                     -0.85131215
                   1.304                     -0.84700848
                   1.308                     -0.84273293
                   1.312                     -0.83851824
                   1.316                     -0.83439682
               1.3200001                     -0.83039894
                   1.324                     -0.82655138
               1.3279999                     -0.82288327
                   1.332                     -0.81941734
                   1.336                     -0.81617836
                    1.34                     -0.81318561
                   1.344                     -0.81045944
                   1.348                     -0.80801628
                   1.352                     -0.80587235
               1.3559999                     -0.80403961
                    1.36                     -0.80252728
                   1.364                     -0.80134503
                   1.368                      -0.8004991
                   1.372                     -0.79999254
                   1.376                     -0.79982862
                    1.38                     -0.80000689
               1.3839999                     -0.80052531
                   1.388                     -0.80137807
                   1.392                     -0.80256143
                   1.396                     -0.80406558
                     1.4                      -0.8058798
                   1.404                     -0.80799547
                   1.408                     -0.81039618
               1.4119999                     -0.81306922
                   1.416                     -0.81599541
                    1.42                     -0.81915952
                   1.424                     -0.82254212
                   1.428                     -0.82612231
                   1.432                     -0.82988029
                   1.436                     -0.83379241
               1.4400001                     -0.83783649
                   1.444                     -0.84198961
                   1.448                     -0.84622778
                   1.452                     -0.85052644
                   1.456                     -0.85486149
                    1.46                     -0.85920832
                   1.464                     -0.86354316
               1.4680001                     -0.86784079
                   1.472                     -0.87207833
                   1.476                     -0.87623248
                    1.48                     -0.88028238
                   1.484                       -0.884204
                   1.488                     -0.88797771
                   1.492                     -0.89158363
               1.4960001                     -0.89500309
                     1.5                     -0.89821997
               1.5039999                     -0.90121762
                   1.508                     -0.90398223
                   1.512                     -0.90650144
                   1.516                     -0.90876234
                    1.52                     -0.91075852
                   1.524                     -0.91247855
                   1.528                     -0.91391999
               1.5319999                     -0.91507779
                   1.536                     -0.91595081
                    1.54                     -0.91653643
                   1.544                     -0.91683945
                   1.548                     -0.91686025
                   1.552                     -0.91660549
                   1.556                     -0.91608413
               1.5599999                     -0.91530111
                   1.564                     -0.91427054
                   1.568                     -0.91300166
                   1.572                     -0.91151122
                   1.576                     -0.90981011
                    1.58                     -0.90791693
                   1.584                     -0.90584981
               1.5880001                     -0.90362514
                   1.592                     -0.90126475
                   1.596                     -0.89878826
                     1.6                     -0.89621559
                   1.604                      -0.8935702
                   1.608                     -0.89087378
                   1.612                     -0.88815002
               1.6160001                     -0.88542057
                    1.62                     -0.88270929
                   1.624                     -0.88003842
                   1.628                     -0.87743179
                   1.632                     -0.87491138
                   1.636                     -0.87250082
                    1.64                     -0.87022166
               1.6440001                     -0.86809509
                   1.648                       -0.866142
                   1.652                     -0.86438243
                   1.656                     -0.86283563
                    1.66                      -0.8615207
                   1.664                     -0.86045322
                   1.668                     -0.85965194
               1.6720001                     -0.85913029
                   1.676                     -0.85890195
               1.6799999                     -0.85898141
                   1.684                     -0.85937905
                   1.688                     -0.86010566
                   1.692                     -0.86117113
                   1.696                     -0.86258265
                     1.7                     -0.86434513
                   1.704                     -0.86646555
               1.7079999                     -0.86894681
                   1.712                     -0.87179128
                   1.716                      -0.8750001
                    1.72                     -0.87857323
                   1.724                     -0.88250987
                   1.728                      -0.8868057
                   1.732                     -0.89145804
               1.7359999                     -0.89646179
                    1.74                     -0.90181102
                   1.744                     -0.90749801
                   1.748                      -0.9135149
                   1.752                     -0.91985196
                   1.756                      -0.9265001
                    1.76                     -0.93344941
               1.7640001                     -0.94068703
                   1.768                     -0.94820017
                   1.772                     -0.95597894
                   1.776                     -0.96400938
                    1.78                     -0.97227626
                   1.784                     -0.98076839
                   1.788                     -0.98947021
               1.7920001                     -0.99836878
                   1.796                      -1.0074506
                     1.8                      -1.0166993
                   1.804                      -1.0261046
                   1.808                      -1.0356515
                   1.812                      -1.0453258
                   1.816                       -1.055116
               1.8200001                      -1.0650098
                   1.824                      -1.0749951
               1.8279999                      -1.0850619
                   1.832                         -1.0952
                   1.836                      -1.1054003
                    1.84                      -1.1156542
                   1.844                      -1.1259533
                   1.848                      -1.1362921
                   1.852                      -1.1466649
               1.8559999                      -1.1570675
                    1.86                      -1.1674971
                   1.864                      -1.1779517
                   1.868                      -1.1884287
                   1.872                      -1.1989305
                   1.876                      -1.2094584
                    1.88                      -1.2200143
               1.8839999                      -1.2306027
                   1.888                      -1.2412304
                   1.892                      -1.2519006
                   1.896                      -1.2626221
                     1.9                      -1.2734036
                   1.904                      -1.2842574
                   1.908                      -1.2951897
               1.9119999                      -1.3062168
                   1.916                       -1.317349
                    1.92                      -1.3286005
                   1.924                      -1.3399868
                   1.928                      -1.3515228
                   1.932                      -1.3632249
                   1.936                      -1.3751112
               1.9400001                      -1.3871965
                   1.944                      -1.3995017
                   1.948                      -1.4120446
                   1.952                      -1.4248459
                   1.956                       -1.437923
                    1.96                      -1.4512966
                   1.964                       -1.464988
               1.9680001                      -1.4790171
                   1.972                      -1.4934036
                   1.976                        -1.50817
                    1.98                       -1.523336
                   1.984                      -1.5389229
                   1.988                      -1.5549514
                   1.992                      -1.5714424
               1.9960001                      -1.5884178
                       2                       -1.605897
               2.0039999                      -1.6239001
               2.0079999                      -1.6424505
               2.0120001                      -1.6615653
                   2.016                      -1.6812657
                    2.02                      -1.7015709
               2.0239999                      -1.7225021
               2.0280001                      -1.7440783
               2.0320001                      -1.7663192
                   2.036                      -1.7892435
                    2.04                      -1.8128696
               2.0439999                      -1.8372167
               2.0480001                      -1.8623062
                   2.052                      -1.8881561
                   2.056                      -1.9147842
               2.0599999                      -1.9422094
               2.0639999                      -1.9704518
               2.0680001                      -1.9995314
                   2.072                      -2.0294659
                   2.076                      -2.0602752
               2.0799999                      -2.0919807
               2.0840001                      -2.1246029
               2.0880001                      -2.1581605
                   2.092                      -2.1926757
                   2.096                      -2.2281726
               2.0999999                       -2.264671
               2.1040001                      -2.3021965
                   2.108                      -2.3407708
                   2.112                      -2.3804219
               2.1159999                       -2.421174
               2.1199999                      -2.4630544
               2.1240001                      -2.5060914
                   2.128                       -2.550316
                   2.132                      -2.5957572
               2.1359999                      -2.6424478
               2.1400001                      -2.6904213
               2.1440001                      -2.7397146
                   2.148                      -2.7903617
                   2.152                      -2.8424046
               2.1559999                      -2.8958805
               2.1600001                      -2.9508357
                   2.164                      -3.0073117
                   2.168                      -3.0653562
               2.1719999                      -3.1250188
               2.1760001                      -3.1863503
               2.1800001                       -3.249403
                   2.184                      -3.3142353
                   2.188                      -3.3809049
               2.1919999                      -3.4494735
               2.1960001                      -3.5200058
                     2.2                      -3.5925693
                   2.204                      -3.6672339
               2.2079999                      -3.7440737
               2.2119999                      -3.8231657
               2.2160001                      -3.9045922
                    2.22                      -3.9884346
                   2.224                      -4.0747829
               2.2279999                      -4.1637288
               2.2320001                      -4.2553693
               2.2360001                      -4.3498073
                    2.24                      -4.4471442
                   2.244                       -4.547496
               2.2479999                      -4.6509728
               2.2520001                      -4.7577018
                   2.256                      -4.8678061
                    2.26                      -4.9814212
               2.2639999                      -5.0986892
               2.2679999                      -5.2197563
               2.2720001                      -5.3447765
                   2.276                      -5.4739168
                    2.28                      -5.6073455
               2.2839999                      -5.7452504
               2.2880001                      -5.8878191
               2.2920001                      -6.0352569
                   2.296                      -6.1877802
                     2.3                      -6.3456194
               2.3039999                      -6.5090166
               2.3080001                      -6.6782337
                   2.312                       -6.853546
                   2.316                      -7.0352526
               2.3199999                      -7.2236702
               2.3239999                      -7.4191398
               2.3280001                      -7.6220309
                   2.332                      -7.8327391
                   2.336                      -8.0516958
               2.3399999                      -8.2793648
               2.3440001                       -8.516254
                   2.348                      -8.7629168
                   2.352                      -9.0199599
               2.3559999                      -9.2880494
               2.3599999                      -9.5679164
               2.3640001                       -9.860375
                   2.368                      -10.166326
                   2.372                      -10.486777
               2.3759999                      -10.822855
               2.3800001                      -11.175832
               2.3840001                      -11.547141
                   2.388                      -11.938425
                   2.392                      -12.351558
               2.3959999                        -12.7887
               2.4000001                      -13.252365
                   2.404                      -13.745494
                   2.408                      -14.271554
               2.4119999                      -14.834687
               2.4159999                      -15.439876
               2.4200001                      -16.093193
                   2.424                      -16.802138
                   2.428                      -17.576111
               2.4319999                      -18.427071
               2.4360001                      -19.370524
               2.4400001                      -20.426956
                   2.444                      -21.623957
                   2.448                      -22.999279
               2.4519999                      -24.604593
               2.4560001                      -26.506595
                    2.46                      -28.764636
                   2.464                      -31.274426
               2.4679999                      -33.137968
               2.4719999                      -32.611229
               2.4760001                      -30.303584
                    2.48                      -27.859639
                   2.484                      -25.752405
               2.4879999                      -23.983218
               2.4920001                      -22.483248
               2.4960001                      -21.191225
                     2.5                      -20.061361
               2.5039999                      -19.060315
               2.5079999                      -18.163593
               2.5120001                      -17.352875
                   2.516                      -16.614192
                    2.52                      -15.936685
               2.5239999                      -15.311778
               2.5280001                      -14.732583
               2.5320001                      -14.193489
                   2.536                      -13.689879
                    2.54                      -13.217898
               2.5439999                      -12.774304
               2.5480001                       -12.35634
                   2.552                      -11.961644
                   2.556                      -11.588176
               2.5599999                      -11.234167
               2.5639999                      -10.898061
               2.5680001                      -10.578497
                   2.572                      -10.274262
                   2.576                      -9.9842821
               2.5799999                      -9.7075951
               2.5840001                       -9.443337
               2.5880001                      -9.1907301
                   2.592                      -8.9490654
                   2.596                      -8.7177039
               2.5999999                      -8.4960591
               2.6040001                      -8.2835932
                   2.608                      -8.0798148
                   2.612                      -7.8842691
               2.6159999                      -7.6965345
               2.6199999                      -7.5162213
               2.6240001                      -7.3429667
                   2.628                      -7.1764334
                   2.632                      -7.0163041
               2.6359999                       -6.862281
               2.6400001                      -6.7140838
               2.6440001                      -6.5714514
                   2.648                      -6.4341327
                   2.652                      -6.3018935
               2.6559999                      -6.1745106
               2.6600001                      -6.0517716
                   2.664                      -5.9334714
                   2.668                      -5.8194202
               2.6719999                      -5.7094304
               2.6760001                      -5.6033266
               2.6800001                      -5.5009387
                   2.684                      -5.4021045
                   2.688                      -5.3066689
               2.6919999                       -5.214477
               2.6960001                      -5.1253884
                     2.7                      -5.0392609
                   2.704                      -4.9559608
               2.7079999                      -4.8753559
               2.7119999                      -4.7973258
               2.7160001                      -4.7217452
                    2.72                         -4.6485
                   2.724                       -4.577477
               2.7279999                      -4.5085663
               2.7320001                      -4.4416657
               2.7360001                      -4.3766749
                    2.74                      -4.3134949
                   2.744                      -4.2520348
               2.7479999                       -4.192205
               2.7520001                      -4.1339203
                   2.756                      -4.0770979
                    2.76                      -4.0216596
               2.7639999                      -3.9675355
               2.7679999                      -3.9146511
               2.7720001                      -3.8629407
                   2.776                       -3.812341
                    2.78                      -3.7627931
               2.7839999                      -3.7142423
               2.7880001                      -3.6666349
               2.7920001                      -3.6199221
                   2.796                      -3.5740631
                     2.8                      -3.5290114
               2.8039999                      -3.4847323
               2.8080001                      -3.4411903
                   2.812                      -3.3983555
                   2.816                      -3.3561981
               2.8199999                      -3.3146971
               2.8239999                      -3.2738285
               2.8280001                      -3.2335739
                   2.832                      -3.1939174
                   2.836                      -3.1548489
               2.8399999                      -3.1163545
               2.8440001                      -3.0784277
                   2.848                      -3.0410636
                   2.852                      -3.0042595
               2.8559999                      -2.9680126
               2.8599999                      -2.9323238
               2.8640001                      -2.8971961
                   2.868                      -2.8626328
                   2.872                      -2.8286387
               2.8759999                        -2.79522
               2.8800001                      -2.7623852
               2.8840001                      -2.7301415
                   2.888                      -2.6984978
                   2.892                      -2.6674622
               2.8959999                      -2.6370469
               2.9000001                      -2.6072601
                   2.904                      -2.5781106
                   2.908                      -2.5496099
               2.9119999                      -2.5217664
               2.9159999                      -2.4945906
               2.9200001                      -2.4680896
                   2.924                      -2.4422706
                   2.928                      -2.4171429
               2.9319999                        -2.39271
               2.9360001                      -2.3689809
               2.9400001                      -2.3459565
                   2.944                      -2.3236418
                   2.948                      -2.3020381
               2.9519999                      -2.2811442
               2.9560001                      -2.2609616
                    2.96                      -2.2414885
                   2.964                       -2.222719
               2.9679999                      -2.2046504
               2.9719999                      -2.1872735
               2.9760001                      -2.1705834
                    2.98                      -2.1545673
                   2.984                      -2.1392153
               2.9879999                       -2.124516
               2.9920001                      -2.1104558
               2.9960001                      -2.0970156
                       3                      -2.0841812
               3.0039999                      -2.0719344
               3.0079999                      -2.0602543
               3.0120001                      -2.0491219
                   3.016                      -2.0385136
                    3.02                      -2.0284054
               3.0239999                      -2.0187757
               3.0280001                       -2.009597
               3.0320001                      -2.0008446
                   3.036                      -1.9924916
                    3.04                      -1.9845101
               3.0439999                      -1.9768746
               3.0480001                      -1.9695527
                   3.052                      -1.9625196
                   3.056                      -1.9557438
               3.0599999                      -1.9491982
               3.0639999                      -1.9428547
               3.0680001                      -1.9366849
                   3.072                      -1.9306594
                   3.076                      -1.9247524
               3.0799999                      -1.9189378
               3.0840001                      -1.9131877
               3.0880001                      -1.9074781
                   3.092                       -1.901786
                   3.096                      -1.8960871
               3.0999999                      -1.8903617
               3.1040001                      -1.8845889
                   3.108                      -1.8787507
                   3.112                      -1.8728295
               3.1159999                      -1.8668106
               3.1199999                      -1.8606803
               3.1240001                      -1.8544282
                   3.128                      -1.8480424
                   3.132                      -1.8415167
               3.1359999                      -1.8348472
               3.1400001                      -1.8280262
               3.1440001                       -1.821055
                   3.148                      -1.8139322
                   3.152                      -1.8066592
               3.1559999                      -1.7992421
               3.1600001                      -1.7916839
                   3.164                       -1.783996
                   3.168                      -1.7761861
               3.1719999                      -1.7682638
               3.1760001                      -1.7602432
               3.1800001                      -1.7521384
                   3.184                      -1.7439661
                   3.188                      -1.7357413
               3.1919999                      -1.7274814
               3.1960001                      -1.7192089
                     3.2                      -1.7109396
                   3.204                      -1.7026966
               3.2079999                      -1.6944994
               3.2119999                      -1.6863704
               3.2160001                      -1.6783333
                    3.22                      -1.6704062
                   3.224                      -1.6626154
               3.2279999                      -1.6549803
               3.2320001                      -1.6475243
               3.2360001                      -1.6402677
                    3.24                      -1.6332318
                   3.244                       -1.626438
               3.2479999                      -1.6199039
               3.2520001                      -1.6136497
                   3.256                      -1.6076918
                    3.26                      -1.6020491
               3.2639999                      -1.5967341
               3.2679999                      -1.5917635
               3.2720001                      -1.5871481
                   3.276                         -1.5829
                    3.28                      -1.5790306
               3.2839999                      -1.5755464
               3.2880001                      -1.5724543
               3.2920001                      -1.5697601
                   3.296                       -1.567467
                     3.3                      -1.5655759
               3.3039999                      -1.5640878
               3.3080001                      -1.5630014
                   3.312                      -1.5623112
                   3.316                      -1.5620141
               3.3199999                      -1.5621026
               3.3239999                      -1.5625673
               3.3280001                      -1.5634001
                   3.332                      -1.5645866
                   3.336                      -1.5661159
               3.3399999                      -1.5679717
               3.3440001                      -1.5701401
                   3.348                      -1.5725997
                   3.352                      -1.5753368
               3.3559999                      -1.5783277
               3.3599999                      -1.5815536
               3.3640001                       -1.584992
                   3.368                       -1.588622
                   3.372                      -1.5924185
               3.3759999                      -1.5963584
               3.3800001                       -1.600418
               3.3840001                      -1.6045719
                   3.388                      -1.6087973
                   3.392                      -1.6130678
               3.3959999                      -1.6173592
               3.4000001                      -1.6216483
                   3.404                      -1.6259118
                   3.408                       -1.630125
               3.4119999                      -1.6342673
               3.4159999                      -1.6383155
               3.4200001                      -1.6422503
                   3.424                      -1.6460524
                   3.428                      -1.6497033
               3.4319999                       -1.653186
               3.4360001                      -1.6564864
               3.4400001                      -1.6595903
                   3.444                      -1.6624852
                   3.448                       -1.665163
               3.4519999                      -1.6676126
               3.4560001                      -1.6698308
                    3.46                      -1.6718113
                   3.464                      -1.6735522
               3.4679999                      -1.6750535
               3.4719999                      -1.6763149
               3.4760001                      -1.6773427
                    3.48                      -1.6781424
                   3.484                      -1.6787201
               3.4879999                      -1.6790876
               3.4920001                      -1.6792537
               3.4960001                      -1.6792331
                     3.5                      -1.6790407
               3.5039999                      -1.6786937
               3.5079999                      -1.6782095
               3.5120001                      -1.6776078
                   3.516                      -1.6769098
                    3.52                      -1.6761367
               3.5239999                      -1.6753121
               3.5280001                      -1.6744583
               3.5320001                      -1.6736038
                   3.536                      -1.6727689
                    3.54                      -1.6719834
               3.5439999                      -1.6712716
               3.5480001                      -1.6706578
                   3.552                      -1.6701721
                   3.556                      -1.6698368
               3.5599999                        -1.66968
               3.5639999                       -1.669725
               3.5680001                      -1.6699981
                   3.572                      -1.6705222
                   3.576                      -1.6713211
               3.5799999                      -1.6724168
               3.5840001                      -1.6738297
               3.5880001                      -1.6755808
                   3.592                      -1.6776866
                   3.596                      -1.6801662
               3.5999999                      -1.6830343
               3.6040001                      -1.6863053
                   3.608                      -1.6899927
                   3.612                      -1.6941054
               3.6159999                       -1.698653
               3.6199999                      -1.7036437
               3.6240001                      -1.7090816
                   3.628                      -1.7149716
                   3.632                      -1.7213132
               3.6359999                       -1.728108
               3.6400001                       -1.735354
               3.6440001                      -1.7430455
                   3.648                      -1.7511766
                   3.652                      -1.7597419
               3.6559999                      -1.7687291
               3.6600001                      -1.7781281
                   3.664                      -1.7879255
                   3.668                      -1.7981061
               3.6719999                      -1.8086541
               3.6760001                      -1.8195522
               3.6800001                      -1.8307809
                   3.684                      -1.8423191
                   3.688                      -1.8541454
               3.6919999                      -1.8662367
               3.6960001                      -1.8785695
                     3.7                       -1.891119
                   3.704                      -1.9038612
               3.7079999                       -1.916769
               3.7119999                      -1.9298167
               3.7160001                      -1.9429768
                    3.72                      -1.9562243
                   3.724                      -1.9695325
               3.7279999                      -1.9828743
               3.7320001                      -1.9962247
               3.7360001                       -2.009558
                    3.74                        -2.02285
                   3.744                      -2.0360782
               3.7479999                      -2.0492195
               3.7520001                      -2.0622521
                   3.756                      -2.0751565
                    3.76                      -2.0879147
               3.7639999                      -2.1005105
               3.7679999                      -2.1129275
               3.7720001                       -2.125155
                   3.776                      -2.1371794
                    3.78                      -2.1489952
               3.7839999                      -2.1605934
               3.7880001                      -2.1719701
               3.7920001                      -2.1831238
                   3.796                      -2.1940555
                     3.8                      -2.2047661
               3.8039999                      -2.2152619
               3.8080001                      -2.2255509
                   3.812                      -2.2356414
                   3.816                      -2.2455463
               3.8199999                      -2.2552806
               3.8239999                      -2.2648595
               3.8280001                      -2.2743033
                   3.832                      -2.2836318
                   3.836                      -2.2928687
               3.8399999                      -2.3020363
               3.8440001                      -2.3111619
                   3.848                      -2.3202745
                   3.852                      -2.3294006
               3.8559999                      -2.3385728
               3.8599999                      -2.3478208
               3.8640001                      -2.3571779
                   3.868                      -2.3666757
                   3.872                       -2.376349
               3.8759999                      -2.3862323
               3.8800001                      -2.3963582
               3.8840001                      -2.4067624
                   3.888                      -2.4174782
                   3.892                      -2.4285403
               3.8959999                      -2.4399812
               3.9000001                      -2.4518347
                   3.904                      -2.4641335
                   3.908                      -2.4769097
               3.9119999                      -2.4901917
               3.9159999                      -2.5040117
               3.9200001                       -2.518394
                   3.924                      -2.5333704
                   3.928                      -2.5489637
               3.9319999                      -2.5651955
               3.9360001                      -2.5820927
               3.9400001                       -2.599672
                   3.944                      -2.6179543
                   3.948                      -2.6369571
               3.9519999                       -2.656693
               3.9560001                      -2.6771763
                    3.96                      -2.6984182
                   3.964                      -2.7204276
               3.9679999                      -2.7432116
               3.9719999                      -2.7667754
               3.9760001                      -2.7911205
                    3.98                        -2.81625
                   3.984                      -2.8421609
               3.9879999                      -2.8688514
               3.9920001                      -2.8963133
               3.9960001                      -2.9245447
                       4                      -2.9535319

