        Frequency / GHz                S1,1 (l2=21)/abs,dB
----------------------------------------------------------------------
                       0                    -0.036574558
            0.0040000002                    -0.036503024
            0.0080000004                    -0.036288842
                   0.012                    -0.035933794
             0.016000001                     -0.03544051
                    0.02                    -0.034811947
                   0.024                    -0.034056076
             0.028000001                    -0.033177055
             0.032000002                    -0.032182513
             0.035999998                    -0.031079925
             0.039999999                    -0.029877663
                   0.044                    -0.028587606
                   0.048                     -0.02721945
             0.052000001                    -0.025782785
             0.056000002                    -0.024290777
             0.059999999                     -0.02275444
             0.064000003                    -0.021186844
             0.068000004                    -0.019600513
             0.071999997                     -0.01800902
             0.075999998                    -0.016423908
             0.079999998                    -0.014858819
             0.083999999                    -0.013324352
                   0.088                    -0.011837455
                   0.092                    -0.010405305
             0.096000001                   -0.0090419752
                     0.1                   -0.0077575334
                   0.104                   -0.0065637598
                   0.108                   -0.0054685069
                   0.112                   -0.0044823631
                   0.116                   -0.0036120265
                    0.12                   -0.0028659258
                   0.124                   -0.0022486007
              0.12800001                   -0.0017673629
                   0.132                   -0.0014245847
              0.13600001                   -0.0012239098
                    0.14                    -0.001165532
              0.14399999                   -0.0012535216
                   0.148                    -0.001484794
                   0.152                   -0.0018596127
                   0.156                   -0.0023738028
                    0.16                   -0.0030241319
                   0.164                   -0.0038061556
                   0.168                   -0.0047127803
              0.17200001                    -0.005739104
                   0.176                   -0.0068760221
              0.18000001                   -0.0081134423
                   0.184                   -0.0094443405
              0.18799999                    -0.010856367
                   0.192                     -0.01233975
              0.19599999                    -0.013882417
                     0.2                    -0.015472718
                   0.204                    -0.017097065
                   0.208                    -0.018742368
                   0.212                    -0.020396672
              0.21600001                    -0.022046755
                    0.22                    -0.023677598
              0.22400001                    -0.025277748
                   0.228                    -0.026834596
              0.23199999                    -0.028334554
                   0.236                    -0.029765163
              0.23999999                    -0.031115184
                   0.244                    -0.032374526
                   0.248                    -0.033531149
                   0.252                    -0.034575732
              0.25600001                    -0.035500603
              0.25999999                    -0.036296632
                   0.264                    -0.036957567
              0.26800001                    -0.037478762
              0.27200001                    -0.037853729
              0.27599999                    -0.038079835
                    0.28                     -0.03815514
              0.28400001                    -0.038078518
              0.28799999                    -0.037850023
                   0.292                    -0.037471571
                   0.296                    -0.036944694
              0.30000001                    -0.036273501
              0.30399999                    -0.035465692
                   0.308                       -0.034523
              0.31200001                    -0.033455819
              0.31600001                     -0.03227202
              0.31999999                     -0.03098002
                   0.324                    -0.029590521
              0.32800001                    -0.028115136
              0.33199999                    -0.026565384
                   0.336                    -0.024952974
                    0.34                    -0.023291145
              0.34400001                    -0.021593679
              0.34799999                    -0.019874202
                   0.352                    -0.018146043
              0.35600001                    -0.016423809
              0.36000001                    -0.014722279
              0.36399999                     -0.01305331
                   0.368                    -0.011434367
              0.37200001                   -0.0098755343
              0.37599999                   -0.0083910859
                    0.38                    -0.006993479
                   0.384                   -0.0056949191
              0.38800001                   -0.0045062216
              0.39199999                   -0.0034381738
                   0.396                   -0.0024995644
              0.40000001                   -0.0017004594
              0.40400001                    -0.001046372
              0.40799999                  -0.00054359132
                   0.412                  -0.00019915071
              0.41600001                  -1.7720488e-05
              0.41999999                  -4.0520841e-07
              0.42399999                  -0.00014872644
                   0.428                  -0.00046539483
              0.43200001                  -0.00094666975
              0.43599999                   -0.0015908952
                    0.44                   -0.0023964696
              0.44400001                   -0.0033567976
              0.44800001                   -0.0044674613
              0.45199999                   -0.0057201114
                   0.456                   -0.0071067145
              0.46000001                   -0.0086186062
              0.46399999                    -0.010245538
              0.46799999                    -0.011975545
                   0.472                    -0.013796744
              0.47600001                    -0.015697206
              0.47999999                    -0.017662723
                   0.484                     -0.01967881
              0.48800001                    -0.021731179
              0.49200001                    -0.023806254
              0.49599999                    -0.025885776
                     0.5                    -0.027956867
              0.50400001                    -0.030003809
              0.50800002                    -0.032010065
              0.51200002                    -0.033963495
              0.51599997                    -0.035846756
              0.51999998                    -0.037647022
              0.52399999                    -0.039350963
                   0.528                    -0.040944789
              0.53200001                    -0.042416489
              0.53600001                    -0.043756116
              0.54000002                    -0.044952586
              0.54400003                    -0.045997523
              0.54799998                    -0.046883716
              0.55199999                    -0.047602578
              0.55599999                    -0.048150613
                    0.56                    -0.048524443
              0.56400001                    -0.048720093
              0.56800002                    -0.048738682
              0.57200003                     -0.04857835
              0.57599998                     -0.04824363
              0.57999998                    -0.047737023
              0.58399999                    -0.047062109
                   0.588                    -0.046226466
              0.59200001                    -0.045238918
              0.59600002                    -0.044107693
              0.60000002                    -0.042843827
              0.60399997                    -0.041457257
              0.60799998                    -0.039962404
              0.61199999                    -0.038371989
                   0.616                     -0.03670234
                    0.62                    -0.034966947
              0.62400001                    -0.033183102
              0.62800002                    -0.031368365
              0.63200003                    -0.029539428
              0.63599998                    -0.027714824
              0.63999999                    -0.025910188
              0.64399999                    -0.024144554
                   0.648                    -0.022436062
              0.65200001                    -0.020804453
              0.65600002                    -0.019263679
              0.66000003                    -0.017833363
              0.66399997                    -0.016527798
              0.66799998                    -0.015365844
              0.67199999                    -0.014358321
                   0.676                    -0.013523568
              0.68000001                    -0.012872475
              0.68400002                    -0.012416157
              0.68800002                    -0.012168646
              0.69199997                    -0.012135208
              0.69599998                    -0.012326911
              0.69999999                    -0.012748384
                   0.704                     -0.01340796
                   0.708                    -0.014307211
              0.71200001                    -0.015448666
              0.71600002                    -0.016833437
              0.72000003                     -0.01845985
              0.72399998                    -0.020327329
              0.72799999                    -0.022429202
              0.73199999                    -0.024763173
                   0.736                    -0.027319778
              0.74000001                    -0.030089965
              0.74400002                    -0.033066673
              0.74800003                    -0.036236881
              0.75199997                    -0.039588717
              0.75599998                    -0.043106852
              0.75999999                    -0.046779966
                   0.764                    -0.050587707
              0.76800001                    -0.054516679
              0.77200001                    -0.058550228
              0.77600002                    -0.062667814
              0.77999997                    -0.066854138
              0.78399998                    -0.071087673
              0.78799999                    -0.075350447
                   0.792                    -0.079623491
                   0.796                    -0.083888687
              0.80000001                    -0.088127314
              0.80400002                    -0.092320399
              0.80800003                    -0.096450901
              0.81199998                     -0.10050193
              0.81599998                     -0.10445714
              0.81999999                      -0.1083033
                   0.824                     -0.11202464
              0.82800001                      -0.1156098
              0.83200002                     -0.11904776
              0.83600003                     -0.12232947
              0.83999997                     -0.12544654
              0.84399998                     -0.12839378
              0.84799999                      -0.1311657
                   0.852                     -0.13376074
              0.85600001                     -0.13617974
              0.86000001                     -0.13842317
              0.86400002                      -0.1404951
              0.86799997                     -0.14240161
              0.87199998                     -0.14414954
              0.87599999                     -0.14574965
                    0.88                     -0.14721297
                   0.884                     -0.14855469
              0.88800001                     -0.14978873
              0.89200002                     -0.15093214
              0.89600003                     -0.15200614
              0.89999998                     -0.15302798
              0.90399998                     -0.15402387
              0.90799999                     -0.15501345
                   0.912                     -0.15602213
              0.91600001                     -0.15707592
              0.92000002                     -0.15820145
              0.92400002                     -0.15942597
              0.92799997                     -0.16077516
              0.93199998                     -0.16227909
              0.93599999                     -0.16396609
                    0.94                     -0.16586278
              0.94400001                     -0.16799812
              0.94800001                     -0.17039949
              0.95200002                     -0.17309477
              0.95599997                     -0.17611003
              0.95999998                     -0.17947043
              0.96399999                     -0.18320215
              0.96799999                      -0.1873269
                   0.972                     -0.19186777
              0.97600001                     -0.19684649
              0.98000002                     -0.20228025
              0.98400003                     -0.20818629
              0.98799998                     -0.21458269
              0.99199998                     -0.22148036
              0.99599999                     -0.22889226
                       1                     -0.23682678
               1.0039999                     -0.24529159
                   1.008                     -0.25429101
                   1.012                     -0.26382699
                   1.016                     -0.27389882
                    1.02                     -0.28450543
                   1.024                     -0.29564126
                   1.028                     -0.30729751
               1.0319999                       -0.319464
                   1.036                     -0.33212882
                    1.04                     -0.34527669
                   1.044                     -0.35888816
                   1.048                     -0.37294295
                   1.052                     -0.38742049
                   1.056                     -0.40229322
               1.0599999                      -0.4175337
                   1.064                     -0.43311587
                   1.068                     -0.44900499
                   1.072                     -0.46516896
                   1.076                     -0.48157333
                    1.08                     -0.49817874
                   1.084                     -0.51495072
               1.0880001                     -0.53184563
                   1.092                     -0.54882647
                   1.096                     -0.56584839
                     1.1                     -0.58287466
                   1.104                     -0.59985673
                   1.108                     -0.61675752
                   1.112                     -0.63353136
               1.1160001                     -0.65013516
                    1.12                     -0.66652964
                   1.124                     -0.68267239
                   1.128                     -0.69852233
                   1.132                     -0.71404328
                   1.136                     -0.72919579
                    1.14                     -0.74394545
               1.1440001                     -0.75825827
                   1.148                     -0.77210242
                   1.152                     -0.78544947
                   1.156                     -0.79827328
                    1.16                     -0.81055001
                   1.164                     -0.82225659
                   1.168                     -0.83337775
               1.1720001                     -0.84389762
                   1.176                      -0.8538056
               1.1799999                     -0.86309041
                   1.184                     -0.87175007
                   1.188                      -0.8797806
                   1.192                     -0.88718561
                   1.196                     -0.89396958
                     1.2                     -0.90013698
                   1.204                     -0.90570282
               1.2079999                     -0.91067694
                   1.212                     -0.91507838
                   1.216                      -0.9189277
                    1.22                     -0.92224448
                   1.224                     -0.92505154
                   1.228                     -0.92737759
                   1.232                     -0.92924852
               1.2359999                     -0.93069499
                    1.24                     -0.93174677
                   1.244                     -0.93243607
                   1.248                      -0.9327974
                   1.252                     -0.93286048
                   1.256                     -0.93266461
                    1.26                     -0.93223963
               1.2640001                     -0.93161999
                   1.268                     -0.93083998
                   1.272                     -0.92993214
                   1.276                     -0.92892891
                    1.28                     -0.92786173
                   1.284                     -0.92675997
                   1.288                     -0.92565358
               1.2920001                     -0.92456853
                   1.296                     -0.92353092
                     1.3                     -0.92256331
                   1.304                     -0.92168998
                   1.308                     -0.92092845
                   1.312                     -0.92029643
                   1.316                     -0.91981087
               1.3200001                     -0.91948393
                   1.324                     -0.91932741
               1.3279999                     -0.91934894
                   1.332                      -0.9195542
                   1.336                     -0.91994983
                    1.34                       -0.920536
                   1.344                     -0.92131151
                   1.348                     -0.92227505
                   1.352                     -0.92342077
               1.3559999                     -0.92474272
                    1.36                     -0.92623238
                   1.364                      -0.9278788
                   1.368                     -0.92966979
                   1.372                     -0.93159204
                   1.376                     -0.93362868
                    1.38                     -0.93576564
               1.3839999                     -0.93798353
                   1.388                     -0.94026564
                   1.392                     -0.94259058
                   1.396                     -0.94494042
                     1.4                     -0.94729336
                   1.404                     -0.94963004
                   1.408                     -0.95192816
               1.4119999                     -0.95417011
                   1.416                     -0.95633264
                    1.42                     -0.95839775
                   1.424                     -0.96034628
                   1.428                     -0.96216067
                   1.432                     -0.96382213
                   1.436                     -0.96531637
               1.4400001                     -0.96662914
                   1.444                     -0.96774609
                   1.448                     -0.96865649
                   1.452                      -0.9693493
                   1.456                     -0.96981725
                    1.46                     -0.97005497
                   1.464                     -0.97005626
               1.4680001                      -0.9698197
                   1.472                      -0.9693449
                   1.476                     -0.96863415
                    1.48                     -0.96769021
                   1.484                     -0.96651943
                   1.488                     -0.96512818
                   1.492                     -0.96352803
               1.4960001                     -0.96172987
                     1.5                     -0.95974711
               1.5039999                      -0.9575919
                   1.508                     -0.95528355
                   1.512                     -0.95283937
                   1.516                     -0.95027786
                    1.52                      -0.9476198
                   1.524                     -0.94488737
                   1.528                     -0.94210025
               1.5319999                      -0.9392838
                   1.536                     -0.93646248
                    1.54                     -0.93365609
                   1.544                     -0.93089315
                   1.548                     -0.92819577
                   1.552                     -0.92558842
                   1.556                      -0.9230962
               1.5599999                     -0.92073979
                   1.564                     -0.91854489
                   1.568                     -0.91653179
                   1.572                       -0.914723
                   1.576                     -0.91313925
                    1.58                     -0.91179801
                   1.584                     -0.91071771
               1.5880001                     -0.90991658
                   1.592                     -0.90941013
                   1.596                     -0.90921073
                     1.6                     -0.90933086
                   1.604                     -0.90978163
                   1.608                     -0.91057173
                   1.612                     -0.91170761
               1.6160001                     -0.91319684
                    1.62                     -0.91504145
                   1.624                     -0.91724554
                   1.628                     -0.91980468
                   1.632                     -0.92272266
                   1.636                     -0.92599304
                    1.64                     -0.92961358
               1.6440001                     -0.93357388
                   1.648                     -0.93786938
                   1.652                     -0.94248858
                   1.656                     -0.94742142
                    1.66                     -0.95265584
                   1.664                     -0.95817829
                   1.668                     -0.96397311
               1.6720001                     -0.97002651
                   1.676                     -0.97632128
               1.6799999                     -0.98284023
                   1.684                     -0.98956596
                   1.688                     -0.99648032
                   1.692                       -1.003565
                   1.696                      -1.0108001
                     1.7                      -1.0181697
                   1.704                      -1.0256532
               1.7079999                      -1.0332335
                   1.712                      -1.0408923
                   1.716                      -1.0486131
                    1.72                      -1.0563794
                   1.724                       -1.064176
                   1.728                      -1.0719872
                   1.732                      -1.0798012
               1.7359999                      -1.0876048
                    1.74                      -1.0953868
                   1.744                      -1.1031393
                   1.748                      -1.1108538
                   1.752                      -1.1185246
                   1.756                      -1.1261457
                    1.76                      -1.1337168
               1.7640001                      -1.1412344
                   1.768                      -1.1487024
                   1.772                      -1.1561213
                   1.776                      -1.1634953
                    1.78                      -1.1708323
                   1.784                      -1.1781383
                   1.788                      -1.1854256
               1.7920001                      -1.1927041
                   1.796                      -1.1999873
                     1.8                      -1.2072906
                   1.804                      -1.2146294
                   1.808                      -1.2220211
                   1.812                      -1.2294843
                   1.816                      -1.2370406
               1.8200001                      -1.2447093
                   1.824                      -1.2525136
               1.8279999                      -1.2604752
                   1.832                      -1.2686173
                   1.836                      -1.2769649
                    1.84                       -1.285541
                   1.844                      -1.2943714
                   1.848                      -1.3034804
                   1.852                      -1.3128922
               1.8559999                      -1.3226309
                    1.86                      -1.3327223
                   1.864                      -1.3431882
                   1.868                      -1.3540543
                   1.872                      -1.3653414
                   1.876                      -1.3770731
                    1.88                      -1.3892693
               1.8839999                      -1.4019502
                   1.888                      -1.4151368
                   1.892                      -1.4288472
                   1.896                       -1.443098
                     1.9                       -1.457905
                   1.904                      -1.4732853
                   1.908                      -1.4892494
               1.9119999                      -1.5058127
                   1.916                      -1.5229858
                    1.92                      -1.5407781
                   1.924                      -1.5591999
                   1.928                      -1.5782584
                   1.932                      -1.5979598
                   1.936                      -1.6183091
               1.9400001                      -1.6393128
                   1.944                      -1.6609714
                   1.948                      -1.6832903
                   1.952                        -1.70627
                   1.956                       -1.729912
                    1.96                      -1.7542165
                   1.964                      -1.7791833
               1.9680001                       -1.804811
                   1.972                      -1.8311011
                   1.976                      -1.8580508
                    1.98                        -1.88566
                   1.984                      -1.9139274
                   1.988                      -1.9428529
                   1.992                      -1.9724378
               1.9960001                      -2.0026799
                       2                      -2.0335814
               2.0039999                      -2.0651454
               2.0079999                      -2.0973745
               2.0120001                      -2.1302732
                   2.016                      -2.1638486
                    2.02                      -2.1981061
               2.0239999                      -2.2330568
               2.0280001                      -2.2687087
               2.0320001                      -2.3050778
                   2.036                      -2.3421784
                    2.04                      -2.3800288
               2.0439999                      -2.4186446
               2.0480001                      -2.4580526
                   2.052                      -2.4982762
                   2.056                      -2.5393416
               2.0599999                      -2.5812798
               2.0639999                      -2.6241252
               2.0680001                      -2.6679122
                   2.072                      -2.7126813
                   2.076                      -2.7584735
               2.0799999                      -2.8053347
               2.0840001                      -2.8533152
               2.0880001                      -2.9024635
                   2.092                      -2.9528368
                   2.096                      -3.0044925
               2.0999999                      -3.0574929
               2.1040001                      -3.1119018
                   2.108                      -3.1677872
                   2.112                      -3.2252229
               2.1159999                        -3.28428
               2.1199999                      -3.3450384
               2.1240001                      -3.4075813
                   2.128                      -3.4719892
                   2.132                      -3.5383526
               2.1359999                      -3.6067621
               2.1400001                      -3.6773134
               2.1440001                      -3.7501039
                   2.148                      -3.8252357
                   2.152                      -3.9028151
               2.1559999                      -3.9829496
               2.1600001                      -4.0657519
                   2.164                      -4.1513403
                   2.168                      -4.2398336
               2.1719999                      -4.3313594
               2.1760001                      -4.4260424
               2.1800001                      -4.5240217
                   2.184                      -4.6254334
                   2.188                      -4.7304226
               2.1919999                      -4.8391396
               2.1960001                      -4.9517372
                     2.2                      -5.0683808
                   2.204                      -5.1892384
               2.2079999                      -5.3144853
               2.2119999                      -5.4443062
               2.2160001                      -5.5788966
                    2.22                      -5.7184562
                   2.224                      -5.8632004
               2.2279999                       -6.013351
               2.2320001                      -6.1691484
               2.2360001                      -6.3308445
                    2.24                      -6.4987024
                   2.244                      -6.6730078
               2.2479999                      -6.8540614
               2.2520001                      -7.0421875
                   2.256                      -7.2377329
                    2.26                      -7.4410686
               2.2639999                      -7.6525952
               2.2679999                      -7.8727471
               2.2720001                      -8.1019963
                   2.276                      -8.3408528
                    2.28                      -8.5898767
               2.2839999                      -8.8496796
               2.2880001                      -9.1209362
               2.2920001                      -9.4043885
                   2.296                      -9.7008619
                     2.3                      -10.011275
               2.3039999                      -10.336651
               2.3080001                      -10.678144
                   2.312                      -11.037057
                   2.316                      -11.414871
               2.3199999                      -11.813277
               2.3239999                      -12.234219
               2.3280001                      -12.679956
                   2.332                      -13.153119
                   2.336                      -13.656812
               2.3399999                      -14.194726
               2.3440001                      -14.771303
                   2.348                      -15.391949
                   2.352                      -16.063343
               2.3559999                       -16.79386
               2.3599999                      -17.594215
               2.3640001                      -18.478411
                   2.368                      -19.465253
                   2.372                      -20.580815
               2.3759999                      -21.862769
               2.3800001                      -23.368458
               2.3840001                      -25.191548
                   2.388                      -27.501145
                   2.392                      -30.653685
               2.3959999                      -35.643348
               2.4000001                      -48.554676
                   2.404                       -40.84635
                   2.408                      -33.229752
               2.4119999                      -29.243782
               2.4159999                      -26.530024
               2.4200001                      -24.472638
                   2.424                      -22.817164
                   2.428                      -21.433545
               2.4319999                      -20.246292
               2.4360001                      -19.207661
               2.4400001                      -18.285531
                   2.444                      -17.457251
                   2.448                      -16.706243
               2.4519999                       -16.02001
               2.4560001                      -15.388895
                    2.46                       -14.80528
                   2.464                      -14.263047
               2.4679999                      -13.757211
               2.4719999                      -13.283648
               2.4760001                      -12.838918
                    2.48                      -12.420109
                   2.484                      -12.024742
               2.4879999                      -11.650685
               2.4920001                      -11.296093
               2.4960001                      -10.959354
                     2.5                      -10.639054
               2.5039999                      -10.333947
               2.5079999                      -10.042924
               2.5120001                      -9.7649944
                   2.516                       -9.499278
                    2.52                      -9.2449755
               2.5239999                      -9.0013663
               2.5280001                      -8.7678011
               2.5320001                      -8.5436833
                   2.536                      -8.3284715
                    2.54                      -8.1216689
               2.5439999                      -7.9228191
               2.5480001                       -7.731501
                   2.552                      -7.5473298
                   2.556                      -7.3699421
               2.5599999                      -7.1990078
               2.5639999                      -7.0342137
               2.5680001                      -6.8752744
                   2.572                       -6.721917
                   2.576                      -6.5738903
               2.5799999                      -6.4309578
               2.5840001                       -6.292896
               2.5880001                      -6.1594957
                   2.592                      -6.0305614
                   2.596                      -5.9059074
               2.5999999                      -5.7853566
               2.6040001                      -5.6687428
                   2.608                      -5.5559103
                   2.612                      -5.4467083
               2.6159999                      -5.3409964
               2.6199999                      -5.2386373
               2.6240001                       -5.139505
                   2.628                      -5.0434768
                   2.632                      -4.9504361
               2.6359999                      -4.8602704
               2.6400001                      -4.7728743
               2.6440001                       -4.688147
                   2.648                      -4.6059912
                   2.652                      -4.5263116
               2.6559999                      -4.4490211
               2.6600001                      -4.3740317
                   2.664                      -4.3012638
                   2.668                      -4.2306355
               2.6719999                      -4.1620715
               2.6760001                      -4.0955007
               2.6800001                      -4.0308508
                   2.684                      -3.9680535
                   2.688                      -3.9070454
               2.6919999                      -3.8477626
               2.6960001                      -3.7901442
                     2.7                      -3.7341329
                   2.704                      -3.6796715
               2.7079999                      -3.6267039
               2.7119999                      -3.5751796
               2.7160001                       -3.525047
                    2.72                      -3.4762575
                   2.724                      -3.4287619
               2.7279999                      -3.3825154
               2.7320001                      -3.3374765
               2.7360001                      -3.2935965
                    2.74                      -3.2508407
                   2.744                      -3.2091643
               2.7479999                       -3.168532
               2.7520001                      -3.1289044
                   2.756                      -3.0902465
                    2.76                      -3.0525251
               2.7639999                      -3.0157032
               2.7679999                      -2.9797537
               2.7720001                      -2.9446426
                   2.776                      -2.9103413
                    2.78                      -2.8768204
               2.7839999                      -2.8440535
               2.7880001                      -2.8120138
               2.7920001                      -2.7806774
                   2.796                      -2.7500204
                     2.8                      -2.7200174
               2.8039999                      -2.6906498
               2.8080001                      -2.6618947
                   2.812                      -2.6337345
                   2.816                      -2.6061481
               2.8199999                      -2.5791208
               2.8239999                      -2.5526339
               2.8280001                      -2.5266718
                   2.832                        -2.50122
                   2.836                      -2.4762642
               2.8399999                      -2.4517949
               2.8440001                      -2.4277964
                   2.848                      -2.4042571
                   2.852                       -2.381171
               2.8559999                      -2.3585243
               2.8599999                      -2.3363094
               2.8640001                      -2.3145202
                   2.868                      -2.2931468
                   2.872                      -2.2721839
               2.8759999                      -2.2516255
               2.8800001                      -2.2314651
               2.8840001                      -2.2116977
                   2.888                      -2.1923196
                   2.892                      -2.1733272
               2.8959999                      -2.1547159
               2.9000001                      -2.1364834
                   2.904                      -2.1186248
                   2.908                      -2.1011382
               2.9119999                      -2.0840217
               2.9159999                      -2.0672722
               2.9200001                       -2.050888
                   2.924                      -2.0348667
                   2.928                      -2.0192067
               2.9319999                      -2.0039043
               2.9360001                      -1.9889585
               2.9400001                      -1.9743676
                   2.944                      -1.9601266
                   2.948                       -1.946236
               2.9519999                      -1.9326916
               2.9560001                      -1.9194897
                    2.96                      -1.9066278
                   2.964                      -1.8941024
               2.9679999                      -1.8819082
               2.9719999                      -1.8700432
               2.9760001                      -1.8585006
                    2.98                      -1.8472771
                   2.984                       -1.836367
               2.9879999                      -1.8257639
               2.9920001                      -1.8154618
               2.9960001                      -1.8054549
                       3                      -1.7957368
               3.0039999                      -1.7862973
               3.0079999                      -1.7771331
               3.0120001                      -1.7682339
                   3.016                      -1.7595915
                    3.02                       -1.751199
               3.0239999                      -1.7430455
               3.0280001                      -1.7351226
               3.0320001                      -1.7274223
                   3.036                       -1.719935
                    3.04                      -1.7126497
               3.0439999                       -1.705557
               3.0480001                      -1.6986488
                   3.052                      -1.6919141
                   3.056                      -1.6853439
               3.0599999                      -1.6789288
               3.0639999                      -1.6726589
               3.0680001                      -1.6665258
                   3.072                      -1.6605196
                   3.076                      -1.6546306
               3.0799999                      -1.6488524
               3.0840001                      -1.6431753
               3.0880001                      -1.6375939
                   3.092                      -1.6320968
                   3.096                      -1.6266812
               3.0999999                       -1.621339
               3.1040001                      -1.6160654
                   3.108                      -1.6108523
                   3.112                      -1.6056993
               3.1159999                       -1.600601
               3.1199999                      -1.5955523
               3.1240001                      -1.5905526
                   3.128                      -1.5855988
                   3.132                      -1.5806893
               3.1359999                      -1.5758243
               3.1400001                      -1.5710023
               3.1440001                      -1.5662263
                   3.148                      -1.5614961
                   3.152                      -1.5568138
               3.1559999                      -1.5521802
               3.1600001                      -1.5476006
                   3.164                      -1.5430767
                   3.168                      -1.5386148
               3.1719999                      -1.5342178
               3.1760001                      -1.5298904
               3.1800001                      -1.5256377
                   3.184                      -1.5214663
                   3.188                      -1.5173822
               3.1919999                      -1.5133903
               3.1960001                      -1.5094982
                     3.2                      -1.5057105
                   3.204                      -1.5020354
               3.2079999                       -1.498478
               3.2119999                      -1.4950456
               3.2160001                      -1.4917431
                    3.22                      -1.4885775
                   3.224                      -1.4855559
               3.2279999                      -1.4826804
               3.2320001                      -1.4799597
               3.2360001                      -1.4773963
                    3.24                      -1.4749961
                   3.244                       -1.472762
               3.2479999                      -1.4706986
               3.2520001                      -1.4688079
                   3.256                      -1.4670919
                    3.26                      -1.4655528
               3.2639999                      -1.4641921
               3.2679999                      -1.4630104
               3.2720001                       -1.462007
                   3.276                      -1.4611813
                    3.28                      -1.4605322
               3.2839999                      -1.4600565
               3.2880001                      -1.4597527
               3.2920001                      -1.4596166
                   3.296                       -1.459645
                     3.3                      -1.4598328
               3.3039999                      -1.4601747
               3.3080001                      -1.4606646
                   3.312                      -1.4612981
                   3.316                      -1.4620667
               3.3199999                      -1.4629639
               3.3239999                      -1.4639821
               3.3280001                      -1.4651135
                   3.332                      -1.4663515
                   3.336                      -1.4676847
               3.3399999                      -1.4691082
               3.3440001                      -1.4706103
                   3.348                      -1.4721862
                   3.352                      -1.4738246
               3.3559999                      -1.4755171
               3.3599999                      -1.4772579
               3.3640001                      -1.4790353
                   3.368                      -1.4808455
                   3.372                       -1.482679
               3.3759999                      -1.4845293
               3.3800001                      -1.4863898
               3.3840001                      -1.4882551
                   3.388                      -1.4901184
                   3.392                      -1.4919777
               3.3959999                      -1.4938271
               3.4000001                      -1.4956613
                   3.404                      -1.4974809
                   3.408                      -1.4992827
               3.4119999                      -1.5010645
               3.4159999                       -1.502828
               3.4200001                      -1.5045717
                   3.424                      -1.5062975
                   3.428                      -1.5080077
               3.4319999                      -1.5097054
               3.4360001                      -1.5113926
               3.4400001                      -1.5130743
                   3.444                      -1.5147558
                   3.448                      -1.5164431
               3.4519999                      -1.5181408
               3.4560001                      -1.5198576
                    3.46                      -1.5215999
                   3.464                       -1.523377
               3.4679999                      -1.5251939
               3.4719999                      -1.5270643
               3.4760001                      -1.5289924
                    3.48                      -1.5309907
                   3.484                      -1.5330673
               3.4879999                      -1.5352328
               3.4920001                      -1.5374967
               3.4960001                      -1.5398667
                     3.5                      -1.5423549
               3.5039999                      -1.5449688
               3.5079999                      -1.5477206
               3.5120001                      -1.5506143
                   3.516                       -1.553662
                    3.52                       -1.556871
               3.5239999                      -1.5602482
               3.5280001                       -1.563802
               3.5320001                      -1.5675372
                   3.536                        -1.57146
                    3.54                      -1.5755762
               3.5439999                      -1.5798888
               3.5480001                      -1.5844046
                   3.552                      -1.5891239
                   3.556                      -1.5940476
               3.5599999                      -1.5991801
               3.5639999                      -1.6045209
               3.5680001                      -1.6100682
                   3.572                      -1.6158231
                   3.576                       -1.621781
               3.5799999                      -1.6279419
               3.5840001                      -1.6343007
               3.5880001                      -1.6408538
                   3.592                       -1.647596
                   3.596                       -1.654521
               3.5999999                      -1.6616239
               3.6040001                      -1.6688975
                   3.608                       -1.676334
                   3.612                      -1.6839261
               3.6159999                      -1.6916651
               3.6199999                      -1.6995432
               3.6240001                        -1.70755
                   3.628                      -1.7156798
                   3.632                      -1.7239203
               3.6359999                      -1.7322647
               3.6400001                       -1.740702
               3.6440001                      -1.7492266
                   3.648                       -1.757826
                   3.652                      -1.7664941
               3.6559999                      -1.7752226
               3.6600001                      -1.7840048
                   3.664                      -1.7928309
                   3.668                      -1.8016972
               3.6719999                      -1.8105973
               3.6760001                      -1.8195258
               3.6800001                      -1.8284778
                   3.684                      -1.8374507
                   3.688                      -1.8464422
               3.6919999                      -1.8554488
               3.6960001                      -1.8644721
                     3.7                       -1.873511
                   3.704                      -1.8825659
               3.7079999                      -1.8916409
               3.7119999                      -1.9007374
               3.7160001                      -1.9098604
                    3.72                      -1.9190154
                   3.724                      -1.9282082
               3.7279999                      -1.9374463
               3.7320001                      -1.9467356
               3.7360001                      -1.9560888
                    3.74                      -1.9655114
                   3.744                      -1.9750173
               3.7479999                      -1.9846154
               3.7520001                      -1.9943183
                   3.756                      -2.0041389
                    3.76                      -2.0140892
               3.7639999                      -2.0241831
               3.7679999                      -2.0344348
               3.7720001                      -2.0448581
                   3.776                       -2.055466
                    3.78                      -2.0662747
               3.7839999                      -2.0772969
               3.7880001                      -2.0885473
               3.7920001                      -2.1000394
                   3.796                      -2.1117903
                     3.8                      -2.1238101
               3.8039999                      -2.1361131
               3.8080001                      -2.1487135
                   3.812                      -2.1616219
                   3.816                      -2.1748502
               3.8199999                      -2.1884097
               3.8239999                       -2.202312
               3.8280001                      -2.2165653
                   3.832                      -2.2311791
                   3.836                      -2.2461596
               3.8399999                      -2.2615164
               3.8440001                      -2.2772544
                   3.848                      -2.2933791
                   3.852                      -2.3098953
               3.8559999                      -2.3268051
               3.8599999                      -2.3441114
               3.8640001                      -2.3618177
                   3.868                      -2.3799221
                   3.872                      -2.3984259
               3.8759999                      -2.4173275
               3.8800001                      -2.4366243
               3.8840001                      -2.4563135
                   3.888                      -2.4763922
                   3.892                      -2.4968571
               3.8959999                      -2.5177029
               3.9000001                      -2.5389221
                   3.904                      -2.5605142
                   3.908                      -2.5824676
               3.9119999                      -2.6047776
               3.9159999                      -2.6274377
               3.9200001                      -2.6504427
                   3.924                      -2.6737838
                   3.928                      -2.6974535
               3.9319999                      -2.7214465
               3.9360001                       -2.745756
               3.9400001                      -2.7703752
                   3.944                      -2.7952997
                   3.948                      -2.8205224
               3.9519999                      -2.8460419
               3.9560001                      -2.8718512
                    3.96                      -2.8979487
                   3.964                       -2.924333
               3.9679999                      -2.9510011
               3.9719999                      -2.9779546
               3.9760001                      -3.0051932
                    3.98                      -3.0327204
                   3.984                      -3.0605378
               3.9879999                      -3.0886526
               3.9920001                      -3.1170684
               3.9960001                      -3.1457931
                       4                      -3.1748371

