        Frequency / GHz                S1,1 (l2=29.5)/abs,dB
----------------------------------------------------------------------
                       0                    -0.069375809
            0.0040000002                    -0.069205643
            0.0080000004                    -0.068695426
                   0.012                    -0.067850702
             0.016000001                    -0.066680196
                    0.02                    -0.065197388
                   0.024                    -0.063415313
             0.028000001                    -0.061353364
             0.032000002                    -0.059031574
             0.035999998                    -0.056475341
             0.039999999                    -0.053709206
                   0.044                    -0.050762105
                   0.048                    -0.047664289
             0.052000001                    -0.044446327
             0.056000002                    -0.041141245
             0.059999999                    -0.037782515
             0.064000003                    -0.034405134
             0.068000004                    -0.031041555
             0.071999997                    -0.027725379
             0.075999998                    -0.024492995
             0.079999998                    -0.021373262
             0.083999999                    -0.018398971
                   0.088                     -0.01560126
                   0.092                     -0.01300651
             0.096000001                    -0.010642687
                     0.1                   -0.0085310282
                   0.104                   -0.0066933799
                   0.108                   -0.0051507183
                   0.112                    -0.003916878
                   0.116                   -0.0030048475
                    0.12                   -0.0024241343
                   0.124                   -0.0021813348
              0.12800001                   -0.0022800418
                   0.132                   -0.0027172181
              0.13600001                   -0.0034935263
                    0.14                   -0.0045992362
              0.14399999                   -0.0060256055
                   0.148                   -0.0077569487
                   0.152                   -0.0097799949
                   0.156                    -0.012072696
                    0.16                    -0.014615831
                   0.164                    -0.017383759
                   0.168                    -0.020347645
              0.17200001                    -0.023481464
                   0.176                    -0.026752025
              0.18000001                    -0.030130904
                   0.184                    -0.033580679
              0.18799999                    -0.037068505
                   0.192                    -0.040559675
              0.19599999                    -0.044019626
                     0.2                    -0.047412812
                   0.204                    -0.050704958
                   0.208                    -0.053862692
                   0.212                    -0.056854159
              0.21600001                    -0.059647497
                    0.22                    -0.062215049
              0.22400001                    -0.064529444
                   0.228                    -0.066565648
              0.23199999                    -0.068303723
                   0.236                    -0.069723195
              0.23999999                      -0.0708107
                   0.244                    -0.071552404
                   0.248                    -0.071941063
                   0.252                    -0.071970368
              0.25600001                    -0.071640154
              0.25999999                    -0.070952403
                   0.264                    -0.069913793
              0.26800001                    -0.068532525
              0.27200001                    -0.066823171
              0.27599999                    -0.064802579
                    0.28                    -0.062488902
              0.28400001                    -0.059906897
              0.28799999                     -0.05708115
                   0.292                    -0.054039962
                   0.296                    -0.050814387
              0.30000001                    -0.047435794
              0.30399999                    -0.043939447
                   0.308                    -0.040360193
              0.31200001                    -0.036733896
              0.31600001                    -0.033097466
              0.31999999                    -0.029487506
                   0.324                    -0.025942425
              0.32800001                     -0.02249597
              0.33199999                    -0.019185856
                   0.336                    -0.016044707
                    0.34                    -0.013106084
              0.34400001                    -0.010399693
              0.34799999                   -0.0079552938
                   0.352                   -0.0057980498
              0.35600001                   -0.0039528258
              0.36000001                   -0.0024382898
              0.36399999                   -0.0012738789
                   0.368                  -0.00047197691
              0.37200001                  -4.5460962e-05
              0.37599999                  -6.5235883e-07
                    0.38                   -0.0003407423
                   0.384                   -0.0010652007
              0.38800001                   -0.0021737283
              0.39199999                   -0.0036553222
                   0.396                   -0.0055025933
              0.40000001                   -0.0076968826
              0.40400001                    -0.010225006
              0.40799999                    -0.013062976
                   0.412                     -0.01618762
              0.41600001                    -0.019571095
              0.41999999                    -0.023185176
              0.42399999                    -0.026996526
                   0.428                    -0.030972406
              0.43200001                    -0.035072629
              0.43599999                    -0.039265373
                    0.44                    -0.043507764
              0.44400001                    -0.047762002
              0.44800001                    -0.051987602
              0.45199999                    -0.056145951
                   0.456                     -0.06019587
              0.46000001                     -0.06410017
              0.46399999                    -0.067820326
              0.46799999                    -0.071321799
                   0.472                    -0.074569526
              0.47600001                    -0.077532036
              0.47999999                    -0.080181782
                   0.484                    -0.082491666
              0.48800001                    -0.084441199
              0.49200001                    -0.086008509
              0.49599999                    -0.087180617
                     0.5                    -0.087945748
              0.50400001                    -0.088298664
              0.50800002                    -0.088234371
              0.51200002                    -0.087756262
              0.51599997                     -0.08687112
              0.51999998                    -0.085587204
              0.52399999                    -0.083920867
                   0.528                    -0.081889608
              0.53200001                    -0.079518408
              0.53600001                      -0.0768311
              0.54000002                    -0.073860186
              0.54400003                    -0.070636747
              0.54799998                     -0.06719831
              0.55199999                    -0.063583567
              0.55599999                    -0.059832411
                    0.56                    -0.055989241
              0.56400001                    -0.052095818
              0.56800002                    -0.048200247
              0.57200003                    -0.044345985
              0.57599998                    -0.040580097
              0.57999998                    -0.036947209
              0.58399999                    -0.033494611
                   0.588                    -0.030261608
              0.59200001                    -0.027295181
              0.59600002                    -0.024634857
              0.60000002                      -0.0223162
              0.60399997                    -0.020378259
              0.60799998                    -0.018853048
              0.61199999                    -0.017768828
                   0.616                    -0.017154289
                    0.62                    -0.017029888
              0.62400001                    -0.017415797
              0.62800002                    -0.018327573
              0.63200003                      -0.0197748
              0.63599998                    -0.021763452
              0.63999999                    -0.024297733
              0.64399999                    -0.027371888
                   0.648                    -0.030983575
              0.65200001                     -0.03511871
              0.65600002                    -0.039761906
              0.66000003                    -0.044896593
              0.66399997                    -0.050496857
              0.66799998                    -0.056536272
              0.67199999                    -0.062986051
                   0.676                    -0.069809289
              0.68000001                      -0.0769697
              0.68400002                    -0.084428147
              0.68800002                    -0.092141003
              0.69199997                     -0.10006519
              0.69599998                     -0.10815452
              0.69999999                     -0.11636111
                   0.704                     -0.12463807
                   0.708                     -0.13293734
              0.71200001                     -0.14121121
              0.71600002                     -0.14941171
              0.72000003                     -0.15749475
              0.72399998                     -0.16541601
              0.72799999                     -0.17313293
              0.73199999                     -0.18060896
                   0.736                     -0.18780552
              0.74000001                     -0.19469332
              0.74400002                     -0.20124447
              0.74800003                     -0.20743516
              0.75199997                     -0.21324704
              0.75599998                     -0.21866931
              0.75999999                     -0.22369157
                   0.764                     -0.22831376
              0.76800001                     -0.23254032
              0.77200001                     -0.23638019
              0.77600002                     -0.23985015
              0.77999997                     -0.24297224
              0.78399998                     -0.24577336
              0.78799999                     -0.24828828
                   0.792                     -0.25055699
                   0.796                     -0.25262289
              0.80000001                     -0.25453556
              0.80400002                     -0.25634932
              0.80800003                     -0.25812244
              0.81199998                     -0.25991896
              0.81599998                     -0.26180398
              0.81999999                     -0.26384576
                   0.824                     -0.26611511
              0.82800001                     -0.26868691
              0.83200002                     -0.27163499
              0.83600003                     -0.27503309
              0.83999997                     -0.27895933
              0.84399998                     -0.28348882
              0.84799999                     -0.28869673
                   0.852                     -0.29465552
              0.85600001                     -0.30143806
              0.86000001                     -0.30911391
              0.86400002                     -0.31774987
              0.86799997                     -0.32740879
              0.87199998                     -0.33815394
              0.87599999                     -0.35003848
                    0.88                     -0.36311615
                   0.884                     -0.37743472
              0.88800001                     -0.39303509
              0.89200002                     -0.40995368
              0.89600003                     -0.42822416
              0.89999998                     -0.44786873
              0.90399998                     -0.46890847
              0.90799999                     -0.49135452
                   0.912                     -0.51521375
              0.91600001                     -0.54048415
              0.92000002                     -0.56715794
              0.92400002                     -0.59522027
              0.92799997                     -0.62464648
              0.93199998                     -0.65540878
              0.93599999                     -0.68746858
                    0.94                     -0.72077979
              0.94400001                     -0.75529214
              0.94800001                      -0.7909421
              0.95200002                     -0.82766506
              0.95599997                     -0.86538225
              0.95999998                     -0.90401622
              0.96399999                     -0.94347651
              0.96799999                     -0.98366517
                   0.972                      -1.0244807
              0.97600001                      -1.0658172
              0.98000002                      -1.1075589
              0.98400003                      -1.1495856
              0.98799998                      -1.1917776
              0.99199998                      -1.2340068
              0.99599999                      -1.2761428
                       1                       -1.318054
               1.0039999                       -1.359605
                   1.008                      -1.4006624
                   1.012                      -1.4410928
                   1.016                      -1.4807657
                    1.02                      -1.5195483
                   1.024                      -1.5573166
                   1.028                      -1.5939493
               1.0319999                      -1.6293283
                   1.036                      -1.6633486
                    1.04                      -1.6959056
                   1.044                      -1.7269096
                   1.048                      -1.7562765
                   1.052                      -1.7839354
                   1.056                      -1.8098244
               1.0599999                      -1.8338945
                   1.064                      -1.8561091
                   1.068                      -1.8764412
                   1.072                       -1.894883
                   1.076                      -1.9114311
                    1.08                      -1.9261005
                   1.084                      -1.9389146
               1.0880001                      -1.9499128
                   1.092                        -1.95914
                   1.096                      -1.9666564
                     1.1                      -1.9725279
                   1.104                      -1.9768335
                   1.108                      -1.9796559
                   1.112                      -1.9810884
               1.1160001                      -1.9812227
                    1.12                      -1.9801654
                   1.124                      -1.9780157
                   1.128                      -1.9748874
                   1.132                      -1.9708812
                   1.136                      -1.9661093
                    1.14                      -1.9606784
               1.1440001                      -1.9546953
                   1.148                      -1.9482625
                   1.152                      -1.9414811
                   1.156                      -1.9344461
                    1.16                      -1.9272487
                   1.164                      -1.9199766
                   1.168                      -1.9127092
               1.1720001                      -1.9055215
                   1.176                      -1.8984802
               1.1799999                      -1.8916474
                   1.184                      -1.8850781
                   1.188                      -1.8788179
                   1.192                      -1.8729084
                   1.196                      -1.8673822
                     1.2                      -1.8622673
                   1.204                      -1.8575799
               1.2079999                      -1.8533349
                   1.212                      -1.8495377
                   1.216                      -1.8461898
                    1.22                      -1.8432848
                   1.224                      -1.8408104
                   1.228                      -1.8387497
                   1.232                       -1.837083
               1.2359999                      -1.8357836
                    1.24                      -1.8348216
                   1.244                      -1.8341654
                   1.248                      -1.8337763
                   1.252                      -1.8336192
                   1.256                      -1.8336508
                    1.26                      -1.8338308
               1.2640001                      -1.8341166
                   1.268                       -1.834466
                   1.272                      -1.8348347
                   1.276                      -1.8351826
                    1.28                      -1.8354679
                   1.284                      -1.8356525
                   1.288                      -1.8357002
               1.2920001                      -1.8355756
                   1.296                      -1.8352493
                     1.3                      -1.8346913
                   1.304                      -1.8338796
                   1.308                      -1.8327932
                   1.312                      -1.8314178
                   1.316                      -1.8297392
               1.3200001                      -1.8277535
                   1.324                      -1.8254568
               1.3279999                      -1.8228516
                   1.332                      -1.8199449
                   1.336                      -1.8167475
                    1.34                      -1.8132757
                   1.344                      -1.8095499
                   1.348                      -1.8055942
                   1.352                      -1.8014351
               1.3559999                       -1.797105
                    1.36                      -1.7926392
                   1.364                      -1.7880741
                   1.368                      -1.7834491
                   1.372                       -1.778805
                   1.376                      -1.7741886
                    1.38                      -1.7696426
               1.3839999                      -1.7652136
                   1.388                      -1.7609478
                   1.392                      -1.7568918
                   1.396                      -1.7530916
                     1.4                      -1.7495934
                   1.404                      -1.7464408
                   1.408                      -1.7436775
               1.4119999                      -1.7413447
                   1.416                      -1.7394839
                    1.42                      -1.7381316
                   1.424                      -1.7373231
                   1.428                      -1.7370901
                   1.432                      -1.7374641
                   1.436                      -1.7384701
               1.4400001                      -1.7401321
                   1.444                      -1.7424717
                   1.448                       -1.745504
                   1.452                      -1.7492444
                   1.456                      -1.7537037
                    1.46                      -1.7588877
                   1.464                      -1.7648012
               1.4680001                      -1.7714449
                   1.472                      -1.7788155
                   1.476                      -1.7869087
                    1.48                       -1.795714
                   1.484                      -1.8052221
                   1.488                      -1.8154193
                   1.492                       -1.826288
               1.4960001                      -1.8378106
                     1.5                      -1.8499673
               1.5039999                      -1.8627359
                   1.508                      -1.8760943
                   1.512                      -1.8900148
                   1.516                      -1.9044746
                    1.52                      -1.9194472
                   1.524                      -1.9349057
                   1.528                      -1.9508229
               1.5319999                       -1.967174
                   1.536                      -1.9839332
                    1.54                      -2.0010749
                   1.544                       -2.018576
                   1.548                       -2.036413
                   1.552                      -2.0545693
                   1.556                      -2.0730198
               1.5599999                      -2.0917534
                   1.564                      -2.1107514
                   1.568                      -2.1300055
                   1.572                      -2.1495039
                   1.576                      -2.1692422
                    1.58                      -2.1892164
                   1.584                      -2.2094259
               1.5880001                      -2.2298731
                   1.592                      -2.2505662
                   1.596                      -2.2715114
                     1.6                      -2.2927243
                   1.604                      -2.3142183
                   1.608                      -2.3360129
                   1.612                      -2.3581321
               1.6160001                      -2.3805988
                    1.62                      -2.4034405
                   1.624                      -2.4266891
                   1.628                      -2.4503758
                   1.632                      -2.4745399
                   1.636                      -2.4992157
                    1.64                      -2.5244447
               1.6440001                      -2.5502677
                   1.648                      -2.5767311
                   1.652                      -2.6038766
                   1.656                      -2.6317537
                    1.66                      -2.6604078
                   1.664                      -2.6898885
                   1.668                      -2.7202456
               1.6720001                      -2.7515289
                   1.676                      -2.7837886
               1.6799999                      -2.8170748
                   1.684                      -2.8514409
                   1.688                      -2.8869361
                   1.692                      -2.9236121
                   1.696                      -2.9615202
                     1.7                      -3.0007117
                   1.704                      -3.0412357
               1.7079999                      -3.0831434
                   1.712                      -3.1264854
                   1.716                      -3.1713114
                    1.72                      -3.2176695
                   1.724                      -3.2656106
                   1.728                       -3.315181
                   1.732                      -3.3664319
               1.7359999                      -3.4194108
                    1.74                      -3.4741665
                   1.744                      -3.5307463
                   1.748                         -3.5892
                   1.752                      -3.6495768
                   1.756                      -3.7119247
                    1.76                       -3.776295
               1.7640001                      -3.8427357
                   1.768                      -3.9112983
                   1.772                      -3.9820372
                   1.776                      -4.0550024
                    1.78                      -4.1302498
                   1.784                      -4.2078347
                   1.788                      -4.2878152
               1.7920001                      -4.3702455
                   1.796                      -4.4551916
                     1.8                      -4.5427115
                   1.804                      -4.6328711
                   1.808                      -4.7257365
                   1.812                       -4.821376
                   1.816                      -4.9198604
               1.8200001                      -5.0212624
                   1.824                      -5.1256569
               1.8279999                      -5.2331231
                   1.832                      -5.3437372
                   1.836                      -5.4575845
                    1.84                      -5.5747456
                   1.844                      -5.6953082
                   1.848                      -5.8193582
                   1.852                      -5.9469841
               1.8559999                      -6.0782747
                    1.86                      -6.2133192
                   1.864                      -6.3522067
                   1.868                      -6.4950238
                   1.872                      -6.6418557
                   1.876                      -6.7927863
                    1.88                      -6.9478899
               1.8839999                      -7.1072405
                   1.888                      -7.2708965
                   1.892                      -7.4389135
                   1.896                      -7.6113277
                     1.9                      -7.7881614
                   1.904                      -7.9694154
                   1.908                      -8.1550664
               1.9119999                      -8.3450599
                   1.916                      -8.5393052
                    1.92                      -8.7376697
                   1.924                      -8.9399663
                   1.928                      -9.1459484
                   1.932                      -9.3552995
                   1.936                      -9.5676156
               1.9400001                      -9.7824004
                   1.944                      -9.9990412
                   1.948                      -10.216802
                   1.952                      -10.434804
                   1.956                      -10.652005
                    1.96                      -10.867197
                   1.964                      -11.078983
               1.9680001                      -11.285772
                   1.972                      -11.485784
                   1.976                      -11.677053
                    1.98                      -11.857453
                   1.984                      -12.024726
                   1.988                      -12.176543
                   1.992                      -12.310568
               1.9960001                      -12.424548
                       2                      -12.516405
               2.0039999                      -12.584343
               2.0079999                      -12.626943
               2.0120001                      -12.643247
                   2.016                       -12.63282
                    2.02                      -12.595779
               2.0239999                      -12.532786
               2.0280001                      -12.445002
               2.0320001                      -12.334026
                   2.036                      -12.201796
                    2.04                      -12.050496
               2.0439999                      -11.882446
               2.0480001                      -11.700014
                   2.052                      -11.505536
                   2.056                      -11.301252
               2.0599999                      -11.089259
               2.0639999                      -10.871476
               2.0680001                      -10.649638
                   2.072                      -10.425287
                   2.076                      -10.199766
               2.0799999                      -9.9742397
               2.0840001                      -9.7497085
               2.0880001                      -9.5270101
                   2.092                      -9.3068515
                   2.096                      -9.0898074
               2.0999999                      -8.8763558
               2.1040001                      -8.6668731
                   2.108                      -8.4616594
                   2.112                      -8.2609403
               2.1159999                       -8.064887
               2.1199999                       -7.873617
               2.1240001                      -7.6872072
                   2.128                      -7.5056953
                   2.132                       -7.329092
               2.1359999                      -7.1573813
               2.1400001                      -6.9905253
               2.1440001                      -6.8284667
                   2.148                       -6.671137
                   2.152                      -6.5184548
               2.1559999                       -6.370327
               2.1600001                      -6.2266551
                   2.164                      -6.0873311
                   2.168                      -5.9522464
               2.1719999                       -5.821283
               2.1760001                      -5.6943246
               2.1800001                      -5.5712512
                   2.184                       -5.451942
                   2.188                      -5.3362758
               2.1919999                      -5.2241294
               2.1960001                      -5.1153846
                     2.2                      -5.0099188
                   2.204                      -4.9076136
               2.2079999                      -4.8083518
               2.2119999                      -4.7120177
               2.2160001                      -4.6184997
                    2.22                      -4.5276858
                   2.224                      -4.4394678
               2.2279999                      -4.3537426
               2.2320001                      -4.2704065
               2.2360001                      -4.1893616
                    2.24                      -4.1105119
                   2.244                      -4.0337695
               2.2479999                      -3.9590413
               2.2520001                      -3.8862474
                   2.256                       -3.815305
                    2.26                      -3.7461397
               2.2639999                      -3.6786796
               2.2679999                      -3.6128559
               2.2720001                      -3.5486034
                   2.276                      -3.4858652
                    2.28                      -3.4245821
               2.2839999                      -3.3647026
               2.2880001                      -3.3061818
               2.2920001                      -3.2489729
                   2.296                      -3.1930352
                     2.3                      -3.1383325
               2.3039999                      -3.0848313
               2.3080001                      -3.0325031
                   2.312                       -2.981319
                   2.316                      -2.9312536
               2.3199999                      -2.8822876
               2.3239999                      -2.8344029
               2.3280001                      -2.7875819
                   2.332                       -2.741809
                   2.336                       -2.697075
               2.3399999                      -2.6533666
               2.3440001                      -2.6106737
                   2.348                      -2.5689899
                   2.352                       -2.528308
               2.3559999                      -2.4886172
               2.3599999                      -2.4499171
               2.3640001                      -2.4121968
                   2.368                      -2.3754526
                   2.372                      -2.3396771
               2.3759999                      -2.3048651
               2.3800001                      -2.2710093
               2.3840001                      -2.2381021
                   2.388                      -2.2061319
                   2.392                      -2.1750935
               2.3959999                      -2.1449732
               2.4000001                      -2.1157595
                   2.404                      -2.0874389
                   2.408                      -2.0599969
               2.4119999                      -2.0334178
               2.4159999                      -2.0076857
               2.4200001                       -1.982778
                   2.424                      -1.9586771
                   2.428                      -1.9353601
               2.4319999                      -1.9128011
               2.4360001                      -1.8909798
               2.4400001                      -1.8698682
                   2.444                        -1.84944
                   2.448                      -1.8296661
               2.4519999                      -1.8105177
               2.4560001                      -1.7919638
                    2.46                      -1.7739757
                   2.464                      -1.7565208
               2.4679999                      -1.7395666
               2.4719999                       -1.723084
               2.4760001                      -1.7070391
                    2.48                      -1.6914006
                   2.484                      -1.6761383
               2.4879999                      -1.6612188
               2.4920001                      -1.6466156
               2.4960001                      -1.6322966
                     2.5                      -1.6182339
               2.5039999                      -1.6044009
               2.5079999                      -1.5907743
               2.5120001                      -1.5773275
                   2.516                      -1.5640388
                    2.52                      -1.5508882
               2.5239999                      -1.5378582
               2.5280001                      -1.5249305
               2.5320001                       -1.512093
                   2.536                      -1.4993313
                    2.54                      -1.4866371
               2.5439999                      -1.4740018
               2.5480001                      -1.4614204
                   2.552                        -1.44889
                   2.556                      -1.4364082
               2.5599999                      -1.4239784
               2.5639999                       -1.411602
               2.5680001                      -1.3992832
                   2.572                      -1.3870307
                   2.576                       -1.374852
               2.5799999                      -1.3627583
               2.5840001                       -1.350759
               2.5880001                      -1.3388695
                   2.592                      -1.3270993
                   2.596                      -1.3154668
               2.5999999                      -1.3039862
               2.6040001                      -1.2926727
                   2.608                      -1.2815419
                   2.612                        -1.27061
               2.6159999                      -1.2598928
               2.6199999                      -1.2494059
               2.6240001                      -1.2391646
                   2.628                      -1.2291834
                   2.632                      -1.2194739
               2.6359999                      -1.2100503
               2.6400001                      -1.2009241
               2.6440001                      -1.1921053
                   2.648                      -1.1836006
                   2.652                      -1.1754186
               2.6559999                      -1.1675648
               2.6600001                      -1.1600434
                   2.664                      -1.1528548
                   2.668                      -1.1459998
               2.6719999                      -1.1394779
               2.6760001                      -1.1332849
               2.6800001                      -1.1274173
                   2.684                      -1.1218656
                   2.688                      -1.1166231
               2.6919999                      -1.1116776
               2.6960001                      -1.1070203
                     2.7                      -1.1026353
                   2.704                      -1.0985075
               2.7079999                      -1.0946242
               2.7119999                      -1.0909648
               2.7160001                       -1.087514
                    2.72                      -1.0842499
                   2.724                      -1.0811559
               2.7279999                      -1.0782091
               2.7320001                      -1.0753923
               2.7360001                      -1.0726827
                    2.74                      -1.0700603
                   2.744                      -1.0675054
               2.7479999                      -1.0649986
               2.7520001                      -1.0625189
                   2.756                        -1.06005
                    2.76                      -1.0575738
               2.7639999                      -1.0550728
               2.7679999                      -1.0525336
               2.7720001                      -1.0499419
                   2.776                      -1.0472839
                    2.78                      -1.0445511
               2.7839999                      -1.0417332
               2.7880001                      -1.0388229
               2.7920001                      -1.0358169
                   2.796                      -1.0327098
                     2.8                      -1.0295005
               2.8039999                      -1.0261887
               2.8080001                      -1.0227768
                   2.812                       -1.019271
                   2.816                      -1.0156745
               2.8199999                       -1.011995
               2.8239999                      -1.0082419
               2.8280001                      -1.0044254
                   2.832                      -1.0005586
                   2.836                     -0.99665364
               2.8399999                     -0.99272474
               2.8440001                     -0.98878776
                   2.848                     -0.98485707
                   2.852                     -0.98095061
               2.8559999                     -0.97708524
               2.8599999                      -0.9732779
               2.8640001                      -0.9695454
                   2.868                     -0.96590453
                   2.872                     -0.96237343
               2.8759999                     -0.95896842
               2.8800001                     -0.95570222
               2.8840001                     -0.95259498
                   2.888                     -0.94965633
                   2.892                     -0.94690078
               2.8959999                     -0.94434101
               2.9000001                     -0.94198543
                   2.904                     -0.93984416
                   2.908                     -0.93792517
               2.9119999                     -0.93623386
               2.9159999                     -0.93477609
               2.9200001                     -0.93355187
                   2.924                     -0.93256442
                   2.928                     -0.93181095
               2.9319999                     -0.93129112
               2.9360001                     -0.93099923
               2.9400001                     -0.93093162
                   2.944                     -0.93107926
                   2.948                     -0.93143412
               2.9519999                     -0.93198562
               2.9560001                     -0.93272294
                    2.96                     -0.93363347
                   2.964                     -0.93470314
               2.9679999                     -0.93591655
               2.9719999                     -0.93725977
               2.9760001                     -0.93871516
                    2.98                     -0.94026822
                   2.984                     -0.94190013
               2.9879999                     -0.94359342
               2.9920001                     -0.94533312
               2.9960001                     -0.94709976
                       3                     -0.94887922
               3.0039999                     -0.95065394
               3.0079999                     -0.95240819
               3.0120001                     -0.95413025
                   3.016                     -0.95580313
                    3.02                     -0.95741557
               3.0239999                     -0.95895679
               3.0280001                     -0.96041586
               3.0320001                     -0.96178572
                   3.036                     -0.96305798
                    3.04                     -0.96422746
               3.0439999                     -0.96529225
               3.0480001                     -0.96624785
                   3.052                     -0.96709527
                   3.056                     -0.96783581
               3.0599999                     -0.96846991
               3.0639999                     -0.96900579
               3.0680001                     -0.96944908
                   3.072                     -0.96980452
                   3.076                     -0.97008524
               3.0799999                     -0.97029948
               3.0840001                     -0.97045864
               3.0880001                     -0.97057623
                   3.092                     -0.97066609
                   3.096                     -0.97074243
               3.0999999                     -0.97082044
               3.1040001                     -0.97091631
                   3.108                     -0.97104727
                   3.112                     -0.97122642
               3.1159999                     -0.97147314
               3.1199999                     -0.97180336
               3.1240001                     -0.97223182
                   3.128                     -0.97277394
                   3.132                     -0.97344691
               3.1359999                     -0.97426345
               3.1400001                     -0.97523755
               3.1440001                     -0.97637994
                   3.148                     -0.97770499
                   3.152                     -0.97922094
               3.1559999                     -0.98093861
               3.1600001                     -0.98286267
                   3.164                     -0.98500271
                   3.168                      -0.9873605
               3.1719999                     -0.98994151
               3.1760001                     -0.99274631
               3.1800001                     -0.99577743
                   3.184                     -0.99903067
                   3.188                      -1.0025056
               3.1919999                      -1.0061966
               3.1960001                      -1.0101002
                     3.2                      -1.0142083
                   3.204                      -1.0185139
               3.2079999                      -1.0230079
               3.2119999                      -1.0276801
               3.2160001                      -1.0325178
                    3.22                      -1.0375124
                   3.224                      -1.0426488
               3.2279999                      -1.0479168
               3.2320001                      -1.0532999
               3.2360001                      -1.0587874
                    3.24                      -1.0643634
                   3.244                      -1.0700162
               3.2479999                      -1.0757309
               3.2520001                      -1.0814944
                   3.256                      -1.0872958
                    3.26                      -1.0931218
               3.2639999                      -1.0989605
               3.2679999                      -1.1048032
               3.2720001                      -1.1106406
                   3.276                      -1.1164624
                    3.28                      -1.1222626
               3.2839999                      -1.1280359
               3.2880001                      -1.1337762
               3.2920001                      -1.1394831
                   3.296                      -1.1451514
                     3.3                      -1.1507837
               3.3039999                      -1.1563789
               3.3080001                      -1.1619414
                   3.312                      -1.1674741
                   3.316                      -1.1729827
               3.3199999                      -1.1784746
               3.3239999                      -1.1839562
               3.3280001                      -1.1894385
                   3.332                      -1.1949304
                   3.336                      -1.2004443
               3.3399999                      -1.2059916
               3.3440001                      -1.2115855
                   3.348                      -1.2172411
                   3.352                      -1.2229719
               3.3559999                      -1.2287924
               3.3599999                      -1.2347174
               3.3640001                      -1.2407646
                   3.368                      -1.2469467
                   3.372                      -1.2532805
               3.3759999                      -1.2597813
               3.3800001                      -1.2664631
               3.3840001                      -1.2733408
                   3.388                      -1.2804292
                   3.392                      -1.2877392
               3.3959999                      -1.2952871
               3.4000001                      -1.3030827
                   3.404                      -1.3111374
                   3.408                      -1.3194606
               3.4119999                       -1.328063
               3.4159999                      -1.3369521
               3.4200001                      -1.3461352
                   3.424                       -1.355618
                   3.428                      -1.3654071
               3.4319999                      -1.3755059
               3.4360001                      -1.3859168
               3.4400001                      -1.3966435
                   3.444                      -1.4076866
                   3.448                      -1.4190475
               3.4519999                      -1.4307243
               3.4560001                      -1.4427189
                    3.46                      -1.4550256
                   3.464                      -1.4676455
               3.4679999                      -1.4805751
               3.4719999                      -1.4938105
               3.4760001                      -1.5073505
                    3.48                      -1.5211899
                   3.484                      -1.5353259
               3.4879999                      -1.5497564
               3.4920001                      -1.5644746
               3.4960001                      -1.5794814
                     3.5                       -1.594773
               3.5039999                      -1.6103475
               3.5079999                      -1.6262031
               3.5120001                      -1.6423383
                   3.516                      -1.6587543
                    3.52                      -1.6754507
               3.5239999                      -1.6924302
               3.5280001                      -1.7096951
               3.5320001                      -1.7272477
                   3.536                      -1.7450932
                    3.54                      -1.7632381
               3.5439999                       -1.781688
               3.5480001                      -1.8004494
                   3.552                      -1.8195352
                   3.556                      -1.8389513
               3.5599999                        -1.85871
               3.5639999                      -1.8788248
               3.5680001                      -1.8993058
                   3.572                      -1.9201697
                   3.576                      -1.9414301
               3.5799999                      -1.9631042
               3.5840001                      -1.9852073
               3.5880001                       -2.007758
                   3.592                      -2.0307738
                   3.596                      -2.0542759
               3.5999999                      -2.0782798
               3.6040001                      -2.1028105
                   3.608                      -2.1278848
                   3.612                      -2.1535259
               3.6159999                      -2.1797565
               3.6199999                       -2.206598
               3.6240001                      -2.2340717
                   3.628                      -2.2622028
                   3.632                      -2.2910147
               3.6359999                      -2.3205293
               3.6400001                      -2.3507734
               3.6440001                      -2.3817691
                   3.648                      -2.4135433
                   3.652                      -2.4461213
               3.6559999                      -2.4795274
               3.6600001                       -2.513791
                   3.664                      -2.5489388
                   3.668                       -2.584998
               3.6719999                      -2.6219963
               3.6760001                      -2.6599655
               3.6800001                      -2.6989362
                   3.684                      -2.7389382
                   3.688                      -2.7800053
               3.6919999                      -2.8221715
               3.6960001                       -2.865474
                     3.7                      -2.9099459
                   3.704                      -2.9556305
               3.7079999                       -3.002563
               3.7119999                      -3.0507898
               3.7160001                      -3.1003514
                    3.72                      -3.1512948
                   3.724                       -3.203667
               3.7279999                      -3.2575186
               3.7320001                      -3.3128996
               3.7360001                      -3.3698645
                    3.74                      -3.4284686
                   3.744                      -3.4887703
               3.7479999                      -3.5508288
               3.7520001                      -3.6147058
                   3.756                      -3.6804624
                    3.76                      -3.7481663
               3.7639999                      -3.8178823
               3.7679999                      -3.8896754
               3.7720001                      -3.9636179
                   3.776                      -4.0397745
                    3.78                      -4.1182161
               3.7839999                      -4.1990084
               3.7880001                      -4.2822225
               3.7920001                      -4.3679205
                   3.796                      -4.4561685
                     3.8                      -4.5470252
               3.8039999                      -4.6405488
               3.8080001                      -4.7367889
                   3.812                      -4.8357938
                   3.816                      -4.9375985
               3.8199999                      -5.0422349
               3.8239999                      -5.1497202
               3.8280001                      -5.2600597
                   3.832                      -5.3732459
                   3.836                      -5.4892541
               3.8399999                      -5.6080381
               3.8440001                      -5.7295305
                   3.848                      -5.8536387
                   3.852                      -5.9802382
               3.8559999                      -6.1091756
               3.8599999                       -6.240256
               3.8640001                      -6.3732445
                   3.868                      -6.5078593
                   3.872                      -6.6437681
               3.8759999                      -6.7805796
               3.8800001                      -6.9178403
               3.8840001                      -7.0550316
                   3.888                      -7.1915644
                   3.892                      -7.3267739
               3.8959999                      -7.4599183
               3.9000001                      -7.5901757
                   3.904                      -7.7166494
                   3.908                       -7.838374
               3.9119999                      -7.9543128
               3.9159999                      -8.0633804
               3.9200001                      -8.1644462
                   3.924                      -8.2563671
                   3.928                      -8.3380038
               3.9319999                      -8.4082434
               3.9360001                       -8.466044
               3.9400001                       -8.510455
                   3.944                       -8.540652
                   3.948                      -8.5559732
               3.9519999                      -8.5559377
               3.9560001                      -8.5402664
                    3.96                      -8.5088991
                   3.964                      -8.4619966
               3.9679999                      -8.3999286
               3.9719999                      -8.3232711
               3.9760001                      -8.2327746
                    3.98                      -8.1293431
                   3.984                      -8.0140013
               3.9879999                      -7.8878621
               3.9920001                      -7.7520963
               3.9960001                      -7.6078991
                       4                      -7.4564635

