        Frequency / GHz                S1,1 (12)/abs,dB
----------------------------------------------------------------------
                       0                   -0.0012141368
            0.0040000002                   -0.0013768331
            0.0080000004                   -0.0018615544
                   0.012                   -0.0026602598
             0.016000001                   -0.0037596896
                    0.02                   -0.0051371786
                   0.024                   -0.0067709533
             0.028000001                   -0.0086328106
             0.032000002                    -0.010688551
             0.035999998                    -0.012901516
             0.039999999                    -0.015233014
                   0.044                    -0.017642225
                   0.048                    -0.020084556
             0.052000001                    -0.022517779
             0.056000002                    -0.024898838
             0.059999999                    -0.027182227
             0.064000003                    -0.029328761
             0.068000004                    -0.031300342
             0.071999997                    -0.033059407
             0.075999998                     -0.03457462
             0.079999998                    -0.035819328
             0.083999999                    -0.036768952
                   0.088                    -0.037407247
                   0.092                     -0.03772166
             0.096000001                    -0.037706465
                     0.1                    -0.037360239
                   0.104                    -0.036690541
                   0.108                    -0.035707777
                   0.112                    -0.034428857
                   0.116                    -0.032877271
                    0.12                    -0.031080563
                   0.124                    -0.029069883
              0.12800001                    -0.026882589
                   0.132                    -0.024556729
              0.13600001                    -0.022134116
                    0.14                    -0.019658918
              0.14399999                     -0.01717459
                   0.148                    -0.014725545
                   0.152                    -0.012357185
                   0.156                    -0.010111333
                    0.16                   -0.0080283771
                   0.164                   -0.0061467906
                   0.168                   -0.0045005866
              0.17200001                    -0.003117829
                   0.176                   -0.0020273385
              0.18000001                   -0.0012488614
                   0.184                  -0.00079565311
              0.18799999                  -0.00067955233
                   0.192                  -0.00090274697
              0.19599999                   -0.0014627117
                     0.2                   -0.0023522091
                   0.204                   -0.0035565256
                   0.208                   -0.0050559288
                   0.212                   -0.0068249826
              0.21600001                   -0.0088344649
                    0.22                    -0.011049168
              0.22400001                    -0.013432819
                   0.228                    -0.015942795
              0.23199999                    -0.018535732
                   0.236                    -0.021166268
              0.23999999                     -0.02378691
                   0.244                    -0.026352736
                   0.248                    -0.028816044
                   0.252                    -0.031135052
              0.25600001                    -0.033265321
              0.25999999                    -0.035169975
                   0.264                    -0.036812361
              0.26800001                    -0.038164125
              0.27200001                    -0.039198012
              0.27599999                    -0.039894554
                    0.28                    -0.040239765
              0.28400001                    -0.040228883
              0.28799999                    -0.039857079
                   0.292                    -0.039132243
                   0.296                    -0.038063662
              0.30000001                    -0.036673039
              0.30399999                    -0.034982752
                   0.308                    -0.033021252
              0.31200001                    -0.030824199
              0.31600001                    -0.028431592
              0.31999999                    -0.025884248
                   0.324                    -0.023229027
              0.32800001                    -0.020515061
              0.33199999                    -0.017789515
                   0.336                     -0.01510345
                    0.34                    -0.012504654
              0.34400001                     -0.01004401
              0.34799999                   -0.0077661338
                   0.352                   -0.0057120061
              0.35600001                   -0.0039241964
              0.36000001                   -0.0024368036
              0.36399999                   -0.0012783102
                   0.368                  -0.00047543764
              0.37200001                  -4.4566061e-05
              0.37599999                  -1.8831229e-07
                    0.38                  -0.00034686843
                   0.384                   -0.0010822243
              0.38800001                   -0.0022011991
              0.39199999                   -0.0036878722
                   0.396                   -0.0055218565
              0.40000001                   -0.0076754942
              0.40400001                     -0.01011698
              0.40799999                     -0.01280862
                   0.412                    -0.015705223
              0.41600001                    -0.018763302
              0.41999999                    -0.021931604
              0.42399999                    -0.025158077
                   0.428                    -0.028390182
              0.43200001                    -0.031572666
              0.43599999                    -0.034650941
                    0.44                    -0.037575587
              0.44400001                    -0.040294326
              0.44800001                    -0.042760544
              0.45199999                    -0.044933457
                   0.456                    -0.046775213
              0.46000001                    -0.048251978
              0.46399999                     -0.04934103
              0.46799999                    -0.050021657
                   0.472                    -0.050285154
              0.47600001                    -0.050125598
              0.47999999                    -0.049548362
                   0.484                    -0.048564461
              0.48800001                    -0.047195287
              0.49200001                    -0.045465897
              0.49599999                    -0.043410617
                     0.5                    -0.041069382
              0.50400001                    -0.038489328
              0.50800002                     -0.03571891
              0.51200002                    -0.032814496
              0.51599997                    -0.029834526
              0.51999998                     -0.02683868
              0.52399999                    -0.023887444
                   0.528                    -0.021043735
              0.53200001                    -0.018366597
              0.53600001                    -0.015914253
              0.54000002                    -0.013743559
              0.54400003                    -0.011905251
              0.54799998                    -0.010445027
              0.55199999                   -0.0094065731
              0.55599999                    -0.008820388
                    0.56                   -0.0087192499
              0.56400001                   -0.0091203067
              0.56800002                    -0.010035247
              0.57200003                    -0.011469744
              0.57599998                    -0.013418802
              0.57999998                    -0.015871242
              0.58399999                    -0.018804687
                   0.588                     -0.02219329
              0.59200001                    -0.025997906
              0.59600002                    -0.030175676
              0.60000002                    -0.034678187
              0.60399997                    -0.039450182
              0.60799998                    -0.044429461
              0.61199999                    -0.049553857
                   0.616                    -0.054755917
                    0.62                    -0.059968463
              0.62400001                    -0.065120328
              0.62800002                    -0.070144353
              0.63200003                    -0.074976909
              0.63599998                    -0.079550779
              0.63999999                    -0.083811771
              0.64399999                    -0.087704474
                   0.648                    -0.091185147
              0.65200001                    -0.094214118
              0.65600002                     -0.09676104
              0.66000003                    -0.098806634
              0.66399997                     -0.10034048
              0.66799998                     -0.10136171
              0.67199999                     -0.10188048
                   0.676                     -0.10191849
              0.68000001                     -0.10150473
              0.68400002                     -0.10068256
              0.68800002                    -0.099499587
              0.69199997                    -0.098016936
              0.69599998                    -0.096302083
              0.69999999                    -0.094427874
                   0.704                    -0.092473069
                   0.708                    -0.090522742
              0.71200001                     -0.08866493
              0.71600002                    -0.086989519
              0.72000003                    -0.085583748
              0.72399998                    -0.084541024
              0.72799999                    -0.083943287
              0.73199999                    -0.083878596
                   0.736                     -0.08442345
              0.74000001                     -0.08565262
              0.74400002                    -0.087628913
              0.74800003                     -0.09041172
              0.75199997                    -0.094049736
              0.75599998                    -0.098583091
              0.75999999                     -0.10404063
                   0.764                     -0.11044071
              0.76800001                     -0.11779072
              0.77200001                     -0.12608674
              0.77600002                      -0.1353155
              0.77999997                     -0.14544948
              0.78399998                     -0.15645466
              0.78799999                     -0.16828456
                   0.792                     -0.18088414
                   0.796                     -0.19419107
              0.80000001                     -0.20813408
              0.80400002                     -0.22263822
              0.80800003                     -0.23762022
              0.81199998                     -0.25299909
              0.81599998                     -0.26868929
              0.81999999                      -0.2846052
                   0.824                     -0.30066508
              0.82800001                     -0.31679042
              0.83200002                     -0.33290868
              0.83600003                     -0.34895516
              0.83999997                     -0.36487579
              0.84399998                     -0.38062658
              0.84799999                     -0.39617808
                   0.852                     -0.41151277
              0.85600001                     -0.42663286
              0.86000001                     -0.44155284
              0.86400002                     -0.45630747
              0.86799997                     -0.47094805
              0.87199998                     -0.48554699
              0.87599999                     -0.50019132
                    0.88                     -0.51498774
                   0.884                     -0.53006075
              0.88800001                     -0.54554987
              0.89200002                     -0.56161151
              0.89600003                      -0.5784164
              0.89999998                     -0.59614396
              0.90399998                     -0.61499041
              0.90799999                     -0.63515612
                   0.912                     -0.65685146
              0.91600001                       -0.680292
              0.92000002                     -0.70569473
              0.92400002                     -0.73328041
              0.92799997                     -0.76326723
              0.93199998                     -0.79587115
              0.93599999                     -0.83130463
                    0.94                     -0.86977238
              0.94400001                     -0.91147125
              0.94800001                     -0.95658697
              0.95200002                      -1.0052931
              0.95599997                      -1.0577508
              0.95999998                      -1.1141031
              0.96399999                      -1.1744769
              0.96799999                      -1.2389773
                   0.972                      -1.3076897
              0.97600001                      -1.3806742
              0.98000002                      -1.4579672
              0.98400003                      -1.5395724
              0.98799998                      -1.6254681
              0.99199998                      -1.7155944
              0.99599999                      -1.8098588
                       1                      -1.9081296
               1.0039999                      -2.0102312
                   1.008                      -2.1159456
                   1.012                       -2.225008
                   1.016                      -2.3371006
                    1.02                      -2.4518558
                   1.024                      -2.5688479
                   1.028                      -2.6875985
               1.0319999                      -2.8075654
                   1.036                       -2.928156
                    1.04                      -3.0487148
                   1.044                      -3.1685342
                   1.048                      -3.2868582
                   1.052                      -3.4028883
                   1.056                      -3.5157905
               1.0599999                      -3.6247074
                   1.064                      -3.7287736
                   1.068                      -3.8271313
                   1.072                      -3.9189446
                   1.076                      -4.0034232
                    1.08                      -4.0798399
                   1.084                      -4.1475517
               1.0880001                      -4.2060192
                   1.092                      -4.2548168
                   1.096                       -4.293656
                     1.1                      -4.3223878
                   1.104                      -4.3410062
                   1.108                      -4.3496516
                   1.112                      -4.3485994
               1.1160001                       -4.338255
                    1.12                      -4.3191417
                   1.124                      -4.2918712
                   1.128                      -4.2571332
                   1.132                      -4.2156807
                   1.136                      -4.1682956
                    1.14                      -4.1157809
               1.1440001                      -4.0589379
                   1.148                      -3.9985552
                   1.152                      -3.9353884
                   1.156                      -3.8701559
                    1.16                      -3.8035284
                   1.164                      -3.7361197
                   1.168                      -3.6684916
               1.1720001                      -3.6011395
                   1.176                      -3.5345025
               1.1799999                      -3.4689568
                   1.184                      -3.4048222
                   1.188                      -3.3423603
                   1.192                       -3.281778
                   1.196                       -3.223233
                     1.2                      -3.1668361
                   1.204                      -3.1126528
               1.2079999                      -3.0607109
                   1.212                      -3.0109992
                   1.216                       -2.963476
                    1.22                      -2.9180706
                   1.224                      -2.8746918
                   1.228                      -2.8332179
                   1.232                      -2.7935206
               1.2359999                      -2.7554495
                    1.24                      -2.7188499
                   1.244                      -2.6835579
                   1.248                      -2.6494042
                   1.252                       -2.616225
                   1.256                      -2.5838558
                    1.26                      -2.5521366
               1.2640001                      -2.5209209
                   1.268                      -2.4900673
                   1.272                       -2.459452
                   1.276                      -2.4289649
                    1.28                      -2.3985148
                   1.284                      -2.3680231
                   1.288                      -2.3374346
               1.2920001                      -2.3067099
                   1.296                      -2.2758315
                     1.3                      -2.2447986
                   1.304                      -2.2136278
                   1.308                      -2.1823564
                   1.312                      -2.1510332
                   1.316                      -2.1197222
               1.3200001                      -2.0885027
                   1.324                      -2.0574618
               1.3279999                      -2.0266947
                   1.332                      -1.9963049
                   1.336                      -1.9663974
                    1.34                      -1.9370829
                   1.344                       -1.908469
                   1.348                      -1.8806624
                   1.352                      -1.8537641
               1.3559999                      -1.8278748
                    1.36                      -1.8030806
                   1.364                      -1.7794639
                   1.368                      -1.7570947
                   1.372                      -1.7360331
                   1.376                      -1.7163273
                    1.38                      -1.6980121
               1.3839999                      -1.6811098
                   1.388                      -1.6656293
                   1.392                      -1.6515662
                   1.396                      -1.6389019
                     1.4                      -1.6276057
                   1.404                      -1.6176336
                   1.408                      -1.6089281
               1.4119999                      -1.6014243
                   1.416                       -1.595043
                    1.42                      -1.5896954
                   1.424                        -1.58529
                   1.428                      -1.5817208
                   1.432                      -1.5788826
                   1.436                      -1.5766609
               1.4400001                      -1.5749457
                   1.444                      -1.5736181
                   1.448                      -1.5725667
                   1.452                      -1.5716799
                   1.456                      -1.5708495
                    1.46                       -1.569976
                   1.464                      -1.5689635
               1.4680001                      -1.5677293
                   1.472                      -1.5661955
                   1.476                      -1.5642985
                    1.48                      -1.5619857
                   1.484                      -1.5592165
                   1.488                      -1.5559653
                   1.492                      -1.5522171
               1.4960001                      -1.5479709
                     1.5                      -1.5432401
               1.5039999                      -1.5380492
                   1.508                      -1.5324352
                   1.512                      -1.5264445
                   1.516                      -1.5201361
                    1.52                      -1.5135758
                   1.524                      -1.5068371
                   1.528                      -1.5000003
               1.5319999                      -1.4931493
                   1.536                      -1.4863708
                    1.54                      -1.4797548
                   1.544                      -1.4733865
                   1.548                       -1.467354
                   1.552                      -1.4617435
                   1.556                      -1.4566318
               1.5599999                      -1.4520932
                   1.564                      -1.4481965
                   1.568                      -1.4450007
                   1.572                      -1.4425563
                   1.576                      -1.4409072
                    1.58                      -1.4400855
                   1.584                       -1.440113
               1.5880001                      -1.4410036
                   1.592                      -1.4427572
                   1.596                      -1.4453692
                     1.6                      -1.4488177
                   1.604                      -1.4530764
                   1.608                       -1.458109
                   1.612                      -1.4638686
               1.6160001                      -1.4703013
                    1.62                      -1.4773491
                   1.624                      -1.4849447
                   1.628                      -1.4930171
                   1.632                      -1.5014911
                   1.636                      -1.5102906
                    1.64                      -1.5193366
               1.6440001                      -1.5285507
                   1.648                       -1.537857
                   1.652                      -1.5471784
                   1.656                      -1.5564483
                    1.66                      -1.5655992
                   1.664                      -1.5745724
                   1.668                      -1.5833156
               1.6720001                      -1.5917838
                   1.676                      -1.5999429
               1.6799999                      -1.6077687
                   1.684                      -1.6152409
                   1.688                      -1.6223579
                   1.692                      -1.6291214
                   1.696                      -1.6355456
                     1.7                       -1.641654
                   1.704                      -1.6474804
               1.7079999                      -1.6530664
                   1.712                      -1.6584623
                   1.716                      -1.6637244
                    1.72                      -1.6689146
                   1.724                      -1.6741029
                   1.728                      -1.6793598
                   1.732                      -1.6847608
               1.7359999                        -1.69038
                    1.74                      -1.6962974
                   1.744                       -1.702586
                   1.748                      -1.7093209
                   1.752                      -1.7165732
                   1.756                      -1.7244095
                    1.76                      -1.7328907
               1.7640001                      -1.7420748
                   1.768                      -1.7520096
                   1.772                      -1.7627392
                   1.776                      -1.7742988
                    1.78                      -1.7867143
                   1.784                       -1.800005
                   1.788                      -1.8141816
               1.7920001                      -1.8292475
                   1.796                      -1.8451949
                     1.8                      -1.8620109
                   1.804                      -1.8796742
                   1.808                      -1.8981554
                   1.812                      -1.9174206
                   1.816                      -1.9374279
               1.8200001                      -1.9581323
                   1.824                      -1.9794805
               1.8279999                      -2.0014235
                   1.832                      -2.0239034
                   1.836                      -2.0468627
                    1.84                       -2.070244
                   1.844                      -2.0939918
                   1.848                      -2.1180528
                   1.852                      -2.1423733
               1.8559999                      -2.1669059
                    1.86                      -2.1916125
                   1.864                      -2.2164514
                   1.868                      -2.2413956
                   1.872                      -2.2664207
                   1.876                      -2.2915152
                    1.88                       -2.316672
               1.8839999                       -2.341893
                   1.888                      -2.3671906
                   1.892                      -2.3925843
                   1.896                      -2.4181057
                     1.9                      -2.4437907
                   1.904                      -2.4696871
                   1.908                      -2.4958479
               1.9119999                       -2.522337
                   1.916                      -2.5492194
                    1.92                      -2.5765673
                   1.924                      -2.6044634
                   1.928                      -2.6329834
                   1.932                      -2.6622173
                   1.936                      -2.6922496
               1.9400001                      -2.7231694
                   1.944                      -2.7550615
                   1.948                      -2.7880157
                   1.952                       -2.822117
                   1.956                      -2.8574445
                    1.96                      -2.8940809
                   1.964                      -2.9321003
               1.9680001                      -2.9715735
                   1.972                      -3.0125633
                   1.976                      -3.0551333
                    1.98                      -3.0993336
                   1.984                      -3.1452154
                   1.988                      -3.1928181
                   1.992                      -3.2421766
               1.9960001                      -3.2933219
                       2                      -3.3462755
               2.0039999                       -3.401057
               2.0079999                       -3.457676
               2.0120001                      -3.5161417
                   2.016                      -3.5764554
                    2.02                      -3.6386163
               2.0239999                       -3.702624
               2.0280001                       -3.768468
               2.0320001                       -3.836144
                   2.036                      -3.9056434
                    2.04                      -3.9769581
               2.0439999                      -4.0500833
               2.0480001                      -4.1250163
                   2.052                      -4.2017534
                   2.056                      -4.2803014
               2.0599999                      -4.3606697
               2.0639999                      -4.4428715
               2.0680001                      -4.5269314
                   2.072                      -4.6128785
                   2.076                      -4.7007514
               2.0799999                      -4.7906001
               2.0840001                      -4.8824806
               2.0880001                      -4.9764617
                   2.092                      -5.0726202
                   2.096                      -5.1710504
               2.0999999                      -5.2718499
               2.1040001                      -5.3751328
                   2.108                      -5.4810206
                   2.112                      -5.5896446
               2.1159999                      -5.7011577
               2.1199999                      -5.8157081
               2.1240001                      -5.9334646
                   2.128                      -6.0545984
                   2.132                       -6.179295
               2.1359999                      -6.3077475
               2.1400001                       -6.440152
               2.1440001                      -6.5767156
                   2.148                      -6.7176473
                   2.152                      -6.8631668
               2.1559999                      -7.0134915
               2.1600001                      -7.1688474
                   2.164                      -7.3294553
                   2.168                      -7.4955433
               2.1719999                      -7.6673348
               2.1760001                      -7.8450512
               2.1800001                      -8.0289095
                   2.184                      -8.2191218
                   2.188                      -8.4158862
               2.1919999                      -8.6193927
               2.1960001                      -8.8298129
                     2.2                      -9.0472998
                   2.204                      -9.2719746
               2.2079999                      -9.5039331
               2.2119999                      -9.7432204
               2.2160001                       -9.989838
                    2.22                      -10.243713
                   2.224                      -10.504703
               2.2279999                      -10.772556
               2.2320001                      -11.046904
               2.2360001                      -11.327232
                    2.24                       -11.61284
                   2.244                      -11.902812
               2.2479999                      -12.195975
               2.2520001                      -12.490849
                   2.256                      -12.785595
                    2.26                      -13.077978
               2.2639999                      -13.365313
               2.2679999                      -13.644439
               2.2720001                      -13.911716
                   2.276                      -14.163054
                    2.28                      -14.393985
               2.2839999                      -14.599819
               2.2880001                      -14.775838
               2.2920001                      -14.917569
                   2.296                        -15.0211
                     2.3                      -15.083383
               2.3039999                       -15.10252
               2.3080001                      -15.077927
                   2.312                      -15.010403
                   2.316                      -14.902036
               2.3199999                      -14.756003
               2.3239999                      -14.576286
               2.3280001                      -14.367353
                   2.332                      -14.133859
                   2.336                      -13.880385
               2.3399999                      -13.611256
               2.3440001                        -13.3304
                   2.348                      -13.041297
                   2.352                      -12.746949
               2.3559999                        -12.4499
               2.3599999                       -12.15226
               2.3640001                      -11.855758
                   2.368                      -11.561788
                   2.372                       -11.27146
               2.3759999                      -10.985642
               2.3800001                      -10.705004
               2.3840001                      -10.430048
                   2.388                      -10.161147
                   2.392                      -9.8985653
               2.3959999                      -9.6424781
               2.4000001                      -9.3929957
                   2.404                      -9.1501694
                   2.408                      -8.9140118
               2.4119999                      -8.6844991
               2.4159999                       -8.461579
               2.4200001                      -8.2451844
                   2.424                      -8.0352235
                   2.428                      -7.8316027
               2.4319999                      -7.6342103
               2.4360001                      -7.4429332
               2.4400001                      -7.2576484
                   2.444                      -7.0782295
                   2.448                      -6.9045474
               2.4519999                      -6.7364701
               2.4560001                      -6.5738625
                    2.46                      -6.4165878
                   2.464                      -6.2645053
               2.4679999                       -6.117476
               2.4719999                      -5.9753586
               2.4760001                      -5.8380038
                    2.48                      -5.7052717
                   2.484                       -5.577011
               2.4879999                       -5.453076
               2.4920001                       -5.333314
               2.4960001                      -5.2175752
                     2.5                      -5.1057106
               2.5039999                      -4.9975632
               2.5079999                      -4.8929851
               2.5120001                        -4.79182
                   2.516                      -4.6939151
                    2.52                      -4.5991238
               2.5239999                      -4.5072912
               2.5280001                      -4.4182706
               2.5320001                      -4.3319193
                   2.536                      -4.2480914
                    2.54                      -4.1666508
               2.5439999                      -4.0874605
               2.5480001                       -4.010392
                   2.552                      -3.9353211
                   2.556                      -3.8621285
               2.5599999                      -3.7907067
               2.5639999                       -3.720946
               2.5680001                      -3.6527535
                   2.572                      -3.5860366
                   2.576                      -3.5207177
               2.5799999                      -3.4567217
               2.5840001                      -3.3939874
               2.5880001                      -3.3324572
                   2.592                      -3.2720853
                   2.596                      -3.2128321
               2.5999999                      -3.1546719
               2.6040001                      -3.0975754
                   2.608                      -3.0415336
                   2.612                      -2.9865357
               2.6159999                      -2.9325795
               2.6199999                       -2.879668
               2.6240001                      -2.8278093
                   2.628                      -2.7770171
                   2.632                      -2.7273066
               2.6359999                      -2.6786954
               2.6400001                      -2.6312028
               2.6440001                       -2.584849
                   2.648                      -2.5396553
                   2.652                      -2.4956414
               2.6559999                      -2.4528233
               2.6600001                      -2.4112187
                   2.664                      -2.3708378
                   2.668                      -2.3316892
               2.6719999                      -2.2937795
               2.6760001                      -2.2571073
               2.6800001                      -2.2216684
                   2.684                      -2.1874524
                   2.688                      -2.1544408
               2.6919999                      -2.1226152
               2.6960001                      -2.0919476
                     2.7                      -2.0624037
                   2.704                      -2.0339464
               2.7079999                      -2.0065328
               2.7119999                      -1.9801121
               2.7160001                       -1.954632
                    2.72                      -1.9300362
                   2.724                       -1.906264
               2.7279999                      -1.8832513
               2.7320001                      -1.8609315
               2.7360001                      -1.8392399
                    2.74                      -1.8181094
                   2.744                       -1.797469
               2.7479999                      -1.7772564
               2.7520001                      -1.7574035
                   2.756                       -1.737849
                    2.76                      -1.7185365
               2.7639999                      -1.6994084
               2.7679999                      -1.6804176
               2.7720001                      -1.6615177
                   2.776                      -1.6426721
                    2.78                      -1.6238475
               2.7839999                      -1.6050197
               2.7880001                      -1.5861717
               2.7920001                      -1.5672896
                   2.796                      -1.5483718
                     2.8                      -1.5294221
               2.8039999                      -1.5104488
               2.8080001                      -1.4914697
                   2.812                      -1.4725091
                   2.816                      -1.4535912
               2.8199999                      -1.4347526
               2.8239999                      -1.4160292
               2.8280001                      -1.3974618
                   2.832                      -1.3790943
                   2.836                      -1.3609727
               2.8399999                      -1.3431427
               2.8440001                      -1.3256477
                   2.848                      -1.3085369
                   2.852                      -1.2918527
               2.8559999                      -1.2756368
               2.8599999                      -1.2599262
               2.8640001                      -1.2447549
                   2.868                      -1.2301529
                   2.872                      -1.2161462
               2.8759999                      -1.2027521
               2.8800001                      -1.1899833
               2.8840001                      -1.1778466
                   2.888                      -1.1663434
                   2.892                      -1.1554644
               2.8959999                      -1.1451988
               2.9000001                       -1.135527
                   2.904                      -1.1264228
                   2.908                      -1.1178541
               2.9119999                      -1.1097848
               2.9159999                       -1.102172
               2.9200001                        -1.09497
                   2.924                      -1.0881288
                   2.928                      -1.0815929
               2.9319999                      -1.0753102
               2.9360001                      -1.0692202
               2.9400001                      -1.0632679
                   2.944                      -1.0573952
                   2.948                      -1.0515475
               2.9519999                       -1.045668
               2.9560001                      -1.0397101
                    2.96                       -1.033623
                   2.964                      -1.0273678
               2.9679999                       -1.020906
               2.9719999                      -1.0142053
               2.9760001                      -1.0072442
                    2.98                      -1.0000015
                   2.984                     -0.99246908
               2.9879999                     -0.98464171
               2.9920001                     -0.97652327
               2.9960001                     -0.96812525
                       3                     -0.95946465
               3.0039999                     -0.95056704
               3.0079999                     -0.94146106
               3.0120001                     -0.93218424
                   3.016                     -0.92277768
                    3.02                      -0.9132861
               3.0239999                     -0.90375796
               3.0280001                     -0.89424451
               3.0320001                     -0.88479738
                   3.036                     -0.87547007
                    3.04                     -0.86631686
               3.0439999                     -0.85738822
               3.0480001                     -0.84873306
                   3.052                     -0.84039916
                   3.056                     -0.83242909
               3.0599999                     -0.82486191
               3.0639999                     -0.81773099
               3.0680001                     -0.81106259
                   3.072                     -0.80487915
                   3.076                     -0.79919651
               3.0799999                     -0.79402202
               3.0840001                     -0.78935684
               3.0880001                     -0.78519368
                   3.092                     -0.78152331
                   3.096                     -0.77832267
               3.0999999                     -0.77556702
               3.1040001                     -0.77322399
                   3.108                     -0.77125411
                   3.112                     -0.76961619
               3.1159999                     -0.76826042
               3.1199999                     -0.76713688
               3.1240001                     -0.76619069
                   3.128                     -0.76536555
                   3.132                     -0.76460322
               3.1359999                     -0.76384717
               3.1400001                     -0.76304166
               3.1440001                     -0.76212873
                   3.148                       -0.761058
                   3.152                     -0.75978163
               3.1559999                     -0.75825233
               3.1600001                      -0.7564348
                   3.164                      -0.7542924
                   3.168                     -0.75180157
               3.1719999                     -0.74894013
               3.1760001                     -0.74569792
               3.1800001                     -0.74207011
                   3.184                     -0.73805873
                   3.188                     -0.73367697
               3.1919999                     -0.72893941
               3.1960001                     -0.72387375
                     3.2                     -0.71851278
                   3.204                     -0.71289132
               3.2079999                     -0.70705431
               3.2119999                     -0.70105096
               3.2160001                     -0.69493111
                    3.22                     -0.68875224
                   3.224                     -0.68256774
               3.2279999                     -0.67643756
               3.2320001                     -0.67041794
               3.2360001                     -0.66456585
                    3.24                     -0.65893584
                   3.244                     -0.65357816
               3.2479999                     -0.64854204
               3.2520001                     -0.64386918
                   3.256                     -0.63959885
                    3.26                     -0.63576187
               3.2639999                     -0.63238451
               3.2679999                     -0.62948319
               3.2720001                     -0.62707186
                   3.276                     -0.62515069
                    3.28                     -0.62371993
               3.2839999                     -0.62276567
               3.2880001                     -0.62226999
               3.2920001                      -0.6222068
                   3.296                     -0.62254405
                     3.3                     -0.62324288
               3.3039999                     -0.62425934
               3.3080001                      -0.6255443
                   3.312                     -0.62704477
                   3.316                     -0.62870317
               3.3199999                     -0.63046191
               3.3239999                     -0.63226032
               3.3280001                      -0.6340376
                   3.332                     -0.63573483
                   3.336                      -0.6372926
               3.3399999                     -0.63865757
               3.3440001                     -0.63977641
                   3.348                     -0.64060425
                   3.352                     -0.64109694
               3.3559999                     -0.64122148
               3.3599999                     -0.64094907
               3.3640001                     -0.64025947
                   3.368                     -0.63913902
                   3.372                     -0.63758288
               3.3759999                     -0.63559636
               3.3800001                     -0.63318944
               3.3840001                     -0.63038099
                   3.388                     -0.62719904
                   3.392                     -0.62367917
               3.3959999                     -0.61985961
               3.4000001                     -0.61578925
                   3.404                     -0.61151929
                   3.408                     -0.60710479
               3.4119999                     -0.60260539
               3.4159999                     -0.59808137
               3.4200001                     -0.59359552
                   3.424                     -0.58920913
                   3.428                     -0.58498247
               3.4319999                     -0.58097522
               3.4360001                     -0.57724079
               3.4400001                     -0.57383245
                   3.444                     -0.57079638
                   3.448                     -0.56817401
               3.4519999                     -0.56599954
               3.4560001                     -0.56429797
                    3.46                     -0.56309182
                   3.464                     -0.56239317
               3.4679999                     -0.56220699
               3.4719999                     -0.56252807
               3.4760001                     -0.56334602
                    3.48                     -0.56464038
                   3.484                      -0.5663851
               3.4879999                     -0.56854408
               3.4920001                     -0.57108001
               3.4960001                      -0.5739427
                     3.5                     -0.57708119
               3.5039999                     -0.58043973
               3.5079999                     -0.58395885
               3.5120001                     -0.58757517
                   3.516                     -0.59122578
                    3.52                      -0.5948453
               3.5239999                     -0.59837356
               3.5280001                     -0.60174715
               3.5320001                     -0.60490819
                   3.536                      -0.6078015
                    3.54                     -0.61038059
               3.5439999                     -0.61260092
               3.5480001                     -0.61442542
                   3.552                     -0.61582496
                   3.556                     -0.61677997
               3.5599999                     -0.61727708
               3.5639999                     -0.61731237
               3.5680001                     -0.61689025
                   3.572                     -0.61602508
                   3.576                     -0.61473837
               3.5799999                      -0.6130593
               3.5840001                     -0.61102694
               3.5880001                     -0.60868579
                   3.592                     -0.60608636
                   3.596                     -0.60328411
               3.5999999                     -0.60033834
               3.6040001                     -0.59731505
                   3.608                     -0.59427762
                   3.612                     -0.59129134
               3.6159999                     -0.58842461
               3.6199999                     -0.58574083
               3.6240001                     -0.58330348
                   3.628                     -0.58117022
                   3.632                     -0.57939524
               3.6359999                     -0.57802944
               3.6400001                     -0.57711556
               3.6440001                     -0.57668885
                   3.648                     -0.57677888
                   3.652                     -0.57740622
               3.6559999                      -0.5785853
               3.6600001                     -0.58031829
                   3.664                     -0.58260337
                   3.668                     -0.58542582
               3.6719999                     -0.58876784
               3.6760001                     -0.59259848
               3.6800001                      -0.5968834
                   3.684                     -0.60157859
                   3.688                     -0.60663796
               3.6919999                     -0.61200418
               3.6960001                     -0.61762127
                     3.7                     -0.62342547
                   3.704                     -0.62935395
               3.7079999                      -0.6353413
               3.7119999                     -0.64132098
               3.7160001                     -0.64722913
                    3.72                     -0.65300393
                   3.724                     -0.65858661
               3.7279999                     -0.66392254
               3.7320001                     -0.66896238
               3.7360001                     -0.67366374
                    3.74                     -0.67799297
                   3.744                     -0.68192071
               3.7479999                      -0.6854299
               3.7520001                     -0.68850803
                   3.756                     -0.69115676
                    3.76                     -0.69338324
               3.7639999                     -0.69520459
               3.7679999                     -0.69664705
               3.7720001                     -0.69774389
                   3.776                     -0.69853836
                    3.78                     -0.69907943
               3.7839999                     -0.69941965
               3.7880001                     -0.69962268
               3.7920001                     -0.69975111
                   3.796                     -0.69987226
                     3.8                     -0.70005512
               3.8039999                     -0.70037126
               3.8080001                     -0.70088926
                   3.812                     -0.70167737
                   3.816                     -0.70280048
               3.8199999                     -0.70432121
               3.8239999                     -0.70629607
               3.8280001                     -0.70877612
                   3.832                     -0.71180868
                   3.836                     -0.71542986
               3.8399999                      -0.7196719
               3.8440001                     -0.72455743
                   3.848                     -0.73010201
                   3.852                     -0.73631163
               3.8559999                     -0.74318538
               3.8599999                     -0.75071389
               3.8640001                     -0.75888118
                   3.868                     -0.76766057
                   3.872                     -0.77702136
               3.8759999                     -0.78692615
               3.8800001                      -0.7973324
               3.8840001                     -0.80819237
                   3.888                     -0.81945544
                   3.892                     -0.83106785
               3.8959999                     -0.84297557
               3.9000001                     -0.85512211
                   3.904                     -0.86745494
                   3.908                     -0.87992151
               3.9119999                     -0.89247138
               3.9159999                     -0.90506167
               3.9200001                     -0.91765181
                   3.924                     -0.93020893
                   3.928                      -0.9427054
               3.9319999                     -0.95512361
               3.9360001                     -0.96745289
               3.9400001                     -0.97969172
                   3.944                       -0.991847
                   3.948                       -1.003936
               3.9519999                      -1.0159816
               3.9560001                      -1.0280206
                    3.96                      -1.0400951
                   3.964                      -1.0522552
               3.9679999                      -1.0645591
               3.9719999                      -1.0770705
               3.9760001                      -1.0898607
                    3.98                      -1.1030037
                   3.984                      -1.1165788
               3.9879999                      -1.1306684
               3.9920001                      -1.1453568
               3.9960001                       -1.160726
                       4                      -1.1768627

