        Frequency / GHz                S1,1 (l2=29.5)/abs,dB
----------------------------------------------------------------------
                       0                  -0.00045249851
            0.0040000002                  -0.00055017643
            0.0080000004                  -0.00084174924
                   0.012                   -0.0013223142
             0.016000001                   -0.0019876627
                    0.02                   -0.0028327177
                   0.024                   -0.0038437518
             0.028000001                   -0.0050144242
             0.032000002                    -0.006329707
             0.035999998                    -0.007775184
             0.039999999                   -0.0093349557
                   0.044                    -0.010994724
                   0.048                    -0.012731398
             0.052000001                    -0.014530176
             0.056000002                    -0.016370519
             0.059999999                    -0.018230792
             0.064000003                    -0.020091873
             0.068000004                    -0.021932461
             0.071999997                    -0.023732168
             0.075999998                    -0.025472019
             0.079999998                    -0.027132372
             0.083999999                     -0.02869341
                   0.088                    -0.030139809
                   0.092                    -0.031453991
             0.096000001                    -0.032621821
                     0.1                    -0.033630022
                   0.104                    -0.034468755
                   0.108                    -0.035125416
                   0.112                    -0.035594484
                   0.116                      -0.0358708
                    0.12                    -0.035950094
                   0.124                    -0.035831566
              0.12800001                    -0.035516381
                   0.132                    -0.035008172
              0.13600001                     -0.03431152
                    0.14                    -0.033436614
              0.14399999                    -0.032389442
                   0.148                    -0.031183184
                   0.152                    -0.029829458
                   0.156                    -0.028346064
                    0.16                    -0.026748243
                   0.164                     -0.02505176
                   0.168                     -0.02327712
              0.17200001                    -0.021443843
                   0.176                     -0.01957154
              0.18000001                    -0.017682006
                   0.184                    -0.015794075
              0.18799999                    -0.013930359
                   0.192                    -0.012111067
              0.19599999                     -0.01035451
                     0.2                   -0.0086844181
                   0.204                    -0.007115426
                   0.208                     -0.00566656
                   0.212                   -0.0043545233
              0.21600001                    -0.003192133
                    0.22                   -0.0021950674
              0.22400001                   -0.0013736127
                   0.228                  -0.00073675753
              0.23199999                  -0.00029271677
                   0.236                  -4.5806873e-05
              0.23999999                   -9.556729e-08
                   0.244                  -0.00015726365
                   0.248                  -0.00051607095
                   0.252                   -0.0010733687
              0.25600001                   -0.0018225068
              0.25999999                   -0.0027579247
                   0.264                   -0.0038674842
              0.26800001                   -0.0051425052
              0.27200001                   -0.0065687165
              0.27599999                   -0.0081306145
                    0.28                   -0.0098126548
              0.28400001                    -0.011596397
              0.28799999                    -0.013461792
                   0.292                    -0.015391374
                   0.296                    -0.017363014
              0.30000001                    -0.019354998
              0.30399999                    -0.021346453
                   0.308                    -0.023315001
              0.31200001                    -0.025239399
              0.31600001                    -0.027097917
              0.31999999                     -0.02887114
                   0.324                    -0.030539008
              0.32800001                     -0.03208216
              0.33199999                    -0.033484967
                   0.336                    -0.034730769
                    0.34                    -0.035803663
              0.34400001                    -0.036693975
              0.34799999                    -0.037391829
                   0.352                    -0.037886528
              0.35600001                    -0.038173147
              0.36000001                    -0.038248756
              0.36399999                    -0.038111809
                   0.368                    -0.037763609
              0.37200001                    -0.037207586
              0.37599999                    -0.036449568
                    0.38                    -0.035496079
                   0.384                    -0.034359175
              0.38800001                    -0.033051657
              0.39199999                    -0.031587591
                   0.396                    -0.029982528
              0.40000001                    -0.028253524
              0.40400001                    -0.026421985
              0.40799999                    -0.024506421
                   0.412                     -0.02252845
              0.41600001                    -0.020512076
              0.41999999                     -0.01847857
              0.42399999                    -0.016451285
                   0.428                    -0.014452445
              0.43200001                    -0.012506922
              0.43599999                     -0.01063489
                    0.44                   -0.0088606685
              0.44400001                   -0.0072029671
              0.44800001                   -0.0056820057
              0.45199999                   -0.0043159481
                   0.456                   -0.0031211772
              0.46000001                   -0.0021136631
              0.46399999                    -0.001304456
              0.46799999                  -0.00070709389
                   0.472                  -0.00032722405
              0.47600001                  -0.00017553312
              0.47999999                  -0.00025225263
                   0.484                  -0.00056148811
              0.48800001                   -0.0011006723
              0.49200001                   -0.0018675375
              0.49599999                   -0.0028569164
                     0.5                   -0.0040601031
              0.50400001                   -0.0054670001
              0.50800002                   -0.0070657702
              0.51200002                   -0.0088400407
              0.51599997                    -0.010775423
              0.51999998                     -0.01285102
              0.52399999                    -0.015050353
                   0.528                    -0.017348862
              0.53200001                    -0.019725553
              0.53600001                    -0.022156264
              0.54000002                    -0.024615907
              0.54400003                    -0.027081977
              0.54799998                    -0.029528764
              0.55199999                    -0.031929665
              0.55599999                    -0.034262191
                    0.56                    -0.036502961
              0.56400001                    -0.038627751
              0.56800002                    -0.040614941
              0.57200003                    -0.042444886
              0.57599998                    -0.044098271
              0.57999998                    -0.045559017
              0.58399999                    -0.046811652
                   0.588                    -0.047844486
              0.59200001                    -0.048647792
              0.59600002                    -0.049213454
              0.60000002                    -0.049536444
              0.60399997                    -0.049615802
              0.60799998                    -0.049452219
              0.61199999                    -0.049048734
                   0.616                    -0.048411838
                    0.62                    -0.047550921
              0.62400001                    -0.046477079
              0.62800002                    -0.045207228
              0.63200003                    -0.043754648
              0.63599998                    -0.042139955
              0.63999999                     -0.04038433
              0.64399999                    -0.038510058
                   0.648                    -0.036540749
              0.65200001                    -0.034504146
              0.65600002                    -0.032426394
              0.66000003                    -0.030333192
              0.66399997                    -0.028254456
              0.66799998                    -0.026217885
              0.67199999                    -0.024252296
                   0.676                     -0.02238343
              0.68000001                    -0.020640276
              0.68400002                    -0.019047511
              0.68800002                    -0.017630391
              0.69199997                    -0.016412938
              0.69599998                    -0.015415166
              0.69999999                    -0.014657226
                   0.704                    -0.014157367
                   0.708                    -0.013928542
              0.71200001                    -0.013984474
              0.71600002                    -0.014333995
              0.72000003                    -0.014986112
              0.72399998                    -0.015941467
              0.72799999                    -0.017203064
              0.73199999                    -0.018767311
                   0.736                    -0.020631118
              0.74000001                    -0.022785421
              0.74400002                    -0.025221041
              0.74800003                    -0.027921663
              0.75199997                    -0.030871816
              0.75599998                    -0.034053379
              0.75999999                    -0.037445612
                   0.764                    -0.041023024
              0.76800001                     -0.04476228
              0.77200001                     -0.04863457
              0.77600002                    -0.052613907
              0.77999997                    -0.056668931
              0.78399998                    -0.060767776
              0.78799999                    -0.064883078
                   0.792                    -0.068982681
                   0.796                    -0.073033038
              0.80000001                     -0.07700719
              0.80400002                    -0.080875545
              0.80800003                    -0.084608907
              0.81199998                    -0.088181791
              0.81599998                    -0.091566667
              0.81999999                    -0.094745151
                   0.824                    -0.097695071
              0.82800001                     -0.10040096
              0.83200002                      -0.1028463
              0.83600003                     -0.10502203
              0.83999997                     -0.10692062
              0.84399998                     -0.10853886
              0.84799999                     -0.10987598
                   0.852                     -0.11093406
              0.85600001                     -0.11172281
              0.86000001                      -0.1122519
              0.86400002                     -0.11253572
              0.86799997                     -0.11259394
              0.87199998                      -0.1124474
              0.87599999                     -0.11212275
                    0.88                     -0.11164391
                   0.884                     -0.11104618
              0.88800001                     -0.11035918
              0.89200002                     -0.10962089
              0.89600003                     -0.10886898
              0.89999998                     -0.10813956
              0.90399998                     -0.10747416
              0.90799999                     -0.10691533
                   0.912                     -0.10650225
              0.91600001                      -0.1062771
              0.92000002                      -0.1062802
              0.92400002                     -0.10655235
              0.92799997                     -0.10713275
              0.93199998                     -0.10805781
              0.93599999                     -0.10936471
                    0.94                     -0.11108654
              0.94400001                     -0.11325402
              0.94800001                     -0.11589789
              0.95200002                     -0.11903957
              0.95599997                     -0.12270597
              0.95999998                      -0.1269132
              0.96399999                     -0.13167723
              0.96799999                     -0.13700972
                   0.972                     -0.14291908
              0.97600001                     -0.14940838
              0.98000002                     -0.15647865
              0.98400003                     -0.16412631
              0.98799998                      -0.1723427
              0.99199998                     -0.18111715
              0.99599999                     -0.19043553
                       1                     -0.20027791
               1.0039999                     -0.21062404
                   1.008                      -0.2214489
                   1.012                     -0.23272586
                   1.016                     -0.24442465
                    1.02                     -0.25651444
                   1.024                      -0.2689606
                   1.028                     -0.28173068
               1.0319999                     -0.29478815
                   1.036                     -0.30809765
                    1.04                     -0.32162462
                   1.044                     -0.33533353
                   1.048                     -0.34919318
                   1.052                     -0.36317026
                   1.056                     -0.37723502
               1.0599999                     -0.39136374
                   1.064                     -0.40553155
                   1.068                     -0.41971916
                   1.072                     -0.43391349
                   1.076                     -0.44810217
                    1.08                     -0.46228158
                   1.084                     -0.47645336
               1.0880001                     -0.49062291
                   1.092                     -0.50480398
                   1.096                     -0.51901581
                     1.1                      -0.5332827
                   1.104                     -0.54763797
                   1.108                     -0.56212181
                   1.112                     -0.57677848
               1.1160001                     -0.59166271
                    1.12                     -0.60683197
                   1.124                     -0.62235174
                   1.128                     -0.63829538
                   1.132                     -0.65473679
                   1.136                     -0.67176138
                    1.14                      -0.6894559
               1.1440001                      -0.7079123
                   1.148                     -0.72722885
                   1.152                     -0.74750415
                   1.156                     -0.76884202
                    1.16                     -0.79135051
                   1.164                     -0.81513615
                   1.168                     -0.84030964
               1.1720001                     -0.86698046
                   1.176                     -0.89526338
               1.1799999                     -0.92526812
                   1.184                     -0.95710383
                   1.188                     -0.99088364
                   1.192                      -1.0267145
                   1.196                      -1.0647028
                     1.2                      -1.1049518
                   1.204                      -1.1475598
               1.2079999                      -1.1926262
                   1.212                      -1.2402401
                   1.216                      -1.2904921
                    1.22                      -1.3434605
                   1.224                      -1.3992239
                   1.228                      -1.4578499
                   1.232                      -1.5194004
               1.2359999                        -1.58393
                    1.24                      -1.6514853
                   1.244                      -1.7221031
                   1.248                      -1.7958087
                   1.252                      -1.8726187
                   1.256                      -1.9525374
                    1.26                      -2.0355563
               1.2640001                      -2.1216532
                   1.268                      -2.2107915
                   1.272                      -2.3029198
                   1.276                      -2.3979662
                    1.28                      -2.4958451
                   1.284                       -2.596448
                   1.288                      -2.6996458
               1.2920001                      -2.8052886
                   1.296                      -2.9132019
                     1.3                      -3.0231845
                   1.304                      -3.1350089
                   1.308                      -3.2484203
                   1.312                      -3.3631349
                   1.316                      -3.4788364
               1.3200001                      -3.5951808
                   1.324                      -3.7117908
               1.3279999                      -3.8282587
                   1.332                      -3.9441443
                   1.336                      -4.0589821
                    1.34                      -4.1722756
                   1.344                      -4.2835062
                   1.348                      -4.3921338
                   1.352                      -4.4976011
               1.3559999                      -4.5993458
                    1.36                      -4.6967984
                   1.364                      -4.7893953
                   1.368                       -4.876585
                   1.372                      -4.9578422
                   1.376                        -5.03267
                    1.38                      -5.1006172
               1.3839999                      -5.1612791
                   1.388                      -5.2143198
                   1.392                      -5.2594624
                   1.396                      -5.2965061
                     1.4                      -5.3253347
                   1.404                      -5.3459116
                   1.408                      -5.3582776
               1.4119999                      -5.3625596
                   1.416                      -5.3589577
                    1.42                      -5.3477488
                   1.424                      -5.3292686
                   1.428                      -5.3039119
                   1.432                      -5.2721216
                   1.436                      -5.2343776
               1.4400001                      -5.1911826
                   1.444                      -5.1430653
                   1.448                      -5.0905547
                   1.452                      -5.0341879
                   1.456                      -4.9744896
                    1.46                      -4.9119754
                   1.464                      -4.8471392
               1.4680001                      -4.7804508
                   1.472                      -4.7123559
                   1.476                      -4.6432696
                    1.48                       -4.573576
                   1.484                      -4.5036274
                   1.488                      -4.4337442
                   1.492                      -4.3642139
               1.4960001                      -4.2952904
                     1.5                      -4.2272015
               1.5039999                      -4.1601416
                   1.508                      -4.0942777
                   1.512                      -4.0297511
                   1.516                      -3.9666764
                    1.52                      -3.9051421
                   1.524                      -3.8452228
                   1.528                      -3.7869641
               1.5319999                       -3.730397
                   1.536                      -3.6755368
                    1.54                      -3.6223777
                   1.544                      -3.5709049
                   1.548                      -3.5210886
                   1.552                      -3.4728894
                   1.556                      -3.4262582
               1.5599999                      -3.3811319
                   1.564                      -3.3374488
                   1.568                      -3.2951352
                   1.572                      -3.2541146
                   1.576                      -3.2143083
                    1.58                      -3.1756324
                   1.584                      -3.1380027
               1.5880001                      -3.1013348
                   1.592                      -3.0655435
                   1.596                      -3.0305475
                     1.6                      -2.9962658
                   1.604                       -2.962622
                   1.608                      -2.9295419
                   1.612                      -2.8969545
               1.6160001                      -2.8647998
                    1.62                      -2.8330167
                   1.624                      -2.8015537
                   1.628                      -2.7703651
                   1.632                      -2.7394119
                   1.636                      -2.7086598
                    1.64                      -2.6780835
               1.6440001                       -2.647668
                   1.648                      -2.6173988
                   1.652                      -2.5872699
                   1.656                      -2.5572855
                    1.66                      -2.5274511
                   1.664                      -2.4977811
                   1.668                      -2.4682952
               1.6720001                      -2.4390161
                   1.676                      -2.4099739
               1.6799999                      -2.3811993
                   1.684                      -2.3527305
                   1.688                      -2.3246041
                   1.692                       -2.296861
                   1.696                      -2.2695433
                     1.7                      -2.2426941
                   1.704                      -2.2163592
               1.7079999                      -2.1905807
                   1.712                      -2.1654014
                   1.716                      -2.1408605
                    1.72                      -2.1169996
                   1.724                      -2.0938574
                   1.728                      -2.0714665
                   1.732                      -2.0498583
               1.7359999                      -2.0290633
                    1.74                       -2.009103
                   1.744                      -1.9899993
                   1.748                      -1.9717692
                   1.752                      -1.9544226
                   1.756                      -1.9379685
                    1.76                      -1.9224085
               1.7640001                      -1.9077423
                   1.768                      -1.8939608
                   1.772                      -1.8810541
                   1.776                      -1.8690051
                    1.78                      -1.8577961
                   1.784                      -1.8473989
                   1.788                      -1.8377873
               1.7920001                      -1.8289285
                   1.796                      -1.8207839
                     1.8                      -1.8133167
                   1.804                      -1.8064825
                   1.808                      -1.8002362
                   1.812                      -1.7945314
                   1.816                      -1.7893175
               1.8200001                      -1.7845438
                   1.824                      -1.7801586
               1.8279999                      -1.7761088
                   1.832                      -1.7723427
                   1.836                      -1.7688066
                    1.84                      -1.7654502
                   1.844                      -1.7622239
                   1.848                      -1.7590766
                   1.852                      -1.7559632
               1.8559999                      -1.7528409
                    1.86                      -1.7496681
                   1.864                      -1.7464073
                   1.868                       -1.743023
                   1.872                      -1.7394868
                   1.876                      -1.7357718
                    1.88                       -1.731857
               1.8839999                      -1.7277244
                   1.888                      -1.7233635
                   1.892                      -1.7187651
                   1.896                      -1.7139246
                     1.9                      -1.7088457
                   1.904                      -1.7035331
                   1.908                      -1.6979986
               1.9119999                      -1.6922546
                   1.916                      -1.6863211
                    1.92                      -1.6802214
                   1.924                      -1.6739764
                   1.928                      -1.6676196
                   1.932                      -1.6611804
                   1.936                      -1.6546911
               1.9400001                      -1.6481887
                   1.944                      -1.6417087
                   1.948                      -1.6352896
                   1.952                      -1.6289685
                   1.956                      -1.6227849
                    1.96                      -1.6167784
                   1.964                      -1.6109822
               1.9680001                      -1.6054368
                   1.972                      -1.6001753
                   1.976                      -1.5952314
                    1.98                      -1.5906367
                   1.984                      -1.5864183
                   1.988                      -1.5826035
                   1.992                      -1.5792149
               1.9960001                      -1.5762728
                       2                      -1.5737944
               2.0039999                      -1.5717914
               2.0079999                      -1.5702742
               2.0120001                      -1.5692507
                   2.016                      -1.5687211
                    2.02                      -1.5686842
               2.0239999                      -1.5691361
               2.0280001                      -1.5700683
               2.0320001                      -1.5714678
                   2.036                      -1.5733208
                    2.04                      -1.5756105
               2.0439999                      -1.5783109
               2.0480001                      -1.5814021
                   2.052                      -1.5848568
                   2.056                      -1.5886438
               2.0599999                      -1.5927355
               2.0639999                      -1.5970982
               2.0680001                      -1.6016971
                   2.072                      -1.6064997
                   2.076                      -1.6114699
               2.0799999                      -1.6165717
               2.0840001                      -1.6217709
               2.0880001                      -1.6270314
                   2.092                      -1.6323189
                   2.096                      -1.6376009
               2.0999999                      -1.6428476
               2.1040001                      -1.6480275
                   2.108                      -1.6531125
                   2.112                      -1.6580792
               2.1159999                      -1.6629065
               2.1199999                      -1.6675731
               2.1240001                      -1.6720622
                   2.128                      -1.6763637
                   2.132                      -1.6804656
               2.1359999                      -1.6843634
               2.1400001                      -1.6880531
               2.1440001                      -1.6915372
                   2.148                      -1.6948205
                   2.152                       -1.697912
               2.1559999                      -1.7008206
               2.1600001                      -1.7035624
                   2.164                      -1.7061564
                   2.168                      -1.7086224
               2.1719999                      -1.7109821
               2.1760001                      -1.7132638
               2.1800001                      -1.7154932
                   2.184                      -1.7177007
                   2.188                       -1.719917
               2.1919999                      -1.7221747
               2.1960001                      -1.7245044
                     2.2                      -1.7269416
                   2.204                      -1.7295198
               2.2079999                      -1.7322703
               2.2119999                      -1.7352269
               2.2160001                      -1.7384197
                    2.22                      -1.7418801
                   2.224                      -1.7456383
               2.2279999                      -1.7497196
               2.2320001                      -1.7541501
               2.2360001                      -1.7589539
                    2.24                      -1.7641498
                   2.244                      -1.7697571
               2.2479999                      -1.7757909
               2.2520001                      -1.7822633
                   2.256                      -1.7891845
                    2.26                      -1.7965604
               2.2639999                      -1.8043952
               2.2679999                      -1.8126897
               2.2720001                      -1.8214394
                   2.276                       -1.830641
                    2.28                      -1.8402861
               2.2839999                      -1.8503623
               2.2880001                      -1.8608569
               2.2920001                      -1.8717529
                   2.296                      -1.8830327
                     2.3                      -1.8946755
               2.3039999                      -1.9066572
               2.3080001                      -1.9189562
                   2.312                      -1.9315458
                   2.316                      -1.9444004
               2.3199999                      -1.9574917
               2.3239999                      -1.9707927
               2.3280001                      -1.9842759
                   2.332                      -1.9979123
                   2.336                      -2.0116759
               2.3399999                      -2.0255416
               2.3440001                      -2.0394805
                   2.348                      -2.0534711
                   2.352                      -2.0674897
               2.3559999                       -2.081517
               2.3599999                      -2.0955347
               2.3640001                      -2.1095257
                   2.368                      -2.1234783
                   2.372                      -2.1373812
               2.3759999                      -2.1512263
               2.3800001                      -2.1650097
               2.3840001                       -2.178728
                   2.388                      -2.1923851
                   2.392                      -2.2059862
               2.3959999                      -2.2195357
               2.4000001                      -2.2330481
                   2.404                      -2.2465364
                   2.408                      -2.2600171
               2.4119999                        -2.27351
               2.4159999                      -2.2870376
               2.4200001                      -2.3006249
                   2.424                      -2.3142987
                   2.428                      -2.3280863
               2.4319999                      -2.3420204
               2.4360001                      -2.3561314
               2.4400001                      -2.3704539
                   2.444                      -2.3850204
                   2.448                      -2.3998652
               2.4519999                      -2.4150237
               2.4560001                      -2.4305303
                    2.46                      -2.4464196
                   2.464                      -2.4627267
               2.4679999                      -2.4794806
               2.4719999                      -2.4967169
               2.4760001                      -2.5144641
                    2.48                       -2.532752
                   2.484                      -2.5516065
               2.4879999                      -2.5710534
               2.4920001                      -2.5911156
               2.4960001                      -2.6118136
                     2.5                      -2.6331652
               2.5039999                      -2.6551863
               2.5079999                      -2.6778906
               2.5120001                      -2.7012898
                   2.516                      -2.7253886
                    2.52                      -2.7501934
               2.5239999                       -2.775708
               2.5280001                      -2.8019324
               2.5320001                      -2.8288637
                   2.536                       -2.856496
                    2.54                       -2.884825
               2.5439999                      -2.9138409
               2.5480001                       -2.943532
                   2.552                      -2.9738849
                   2.556                      -3.0048876
               2.5599999                      -3.0365238
               2.5639999                      -3.0687766
               2.5680001                      -3.1016292
                   2.572                       -3.135065
                   2.576                      -3.1690651
               2.5799999                      -3.2036133
               2.5840001                      -3.2386887
               2.5880001                       -3.274278
                   2.592                      -3.3103643
                   2.596                      -3.3469324
               2.5999999                      -3.3839697
               2.6040001                      -3.4214641
                   2.608                      -3.4594072
                   2.612                      -3.4977925
               2.6159999                      -3.5366133
               2.6199999                      -3.5758697
               2.6240001                      -3.6155628
                   2.628                      -3.6556964
                   2.632                      -3.6962778
               2.6359999                      -3.7373169
               2.6400001                      -3.7788276
               2.6440001                      -3.8208292
                   2.648                      -3.8633401
                   2.652                       -3.906386
               2.6559999                      -3.9499939
               2.6600001                      -3.9941932
                   2.664                      -4.0390225
                   2.668                       -4.084516
               2.6719999                       -4.130714
               2.6760001                        -4.17766
               2.6800001                      -4.2253991
                   2.684                      -4.2739795
                   2.688                      -4.3234535
               2.6919999                      -4.3738723
               2.6960001                      -4.4252889
                     2.7                       -4.477762
                   2.704                      -4.5313452
               2.7079999                      -4.5860955
               2.7119999                      -4.6420775
               2.7160001                      -4.6993441
                    2.72                      -4.7579587
                   2.724                      -4.8179813
               2.7279999                      -4.8794701
               2.7320001                      -4.9424838
               2.7360001                      -5.0070837
                    2.74                      -5.0733251
                   2.744                      -5.1412679
               2.7479999                      -5.2109662
               2.7520001                      -5.2824766
                   2.756                       -5.355854
                    2.76                      -5.4311488
               2.7639999                      -5.5084128
               2.7679999                      -5.5876976
               2.7720001                      -5.6690508
                   2.776                      -5.7525193
                    2.78                      -5.8381492
               2.7839999                      -5.9259829
               2.7880001                      -6.0160681
               2.7920001                      -6.1084408
                   2.796                      -6.2031456
                     2.8                      -6.3002201
               2.8039999                      -6.3997048
               2.8080001                       -6.501636
                   2.812                      -6.6060514
                   2.816                      -6.7129879
               2.8199999                      -6.8224828
               2.8239999                      -6.9345718
               2.8280001                      -7.0492918
                   2.832                       -7.166681
                   2.836                      -7.2867765
               2.8399999                      -7.4096184
               2.8440001                       -7.535244
                   2.848                      -7.6636959
                   2.852                      -7.7950172
               2.8559999                      -7.9292516
               2.8599999                      -8.0664447
               2.8640001                      -8.2066457
                   2.868                      -8.3499048
                   2.872                      -8.4962742
               2.8759999                      -8.6458079
               2.8800001                      -8.7985635
               2.8840001                      -8.9546001
                   2.888                      -9.1139773
                   2.892                      -9.2767582
               2.8959999                       -9.443005
               2.9000001                      -9.6127819
                   2.904                        -9.78615
                   2.908                      -9.9631722
               2.9119999                      -10.143906
               2.9159999                      -10.328408
               2.9200001                      -10.516725
                   2.924                      -10.708893
                   2.928                      -10.904945
               2.9319999                      -11.104892
               2.9360001                      -11.308727
               2.9400001                      -11.516421
                   2.944                      -11.727918
                   2.948                      -11.943119
               2.9519999                      -12.161891
               2.9560001                      -12.384039
                    2.96                       -12.60931
                   2.964                      -12.837376
               2.9679999                      -13.067819
               2.9719999                      -13.300117
               2.9760001                       -13.53363
                    2.98                      -13.767579
                   2.984                      -14.001029
               2.9879999                      -14.232871
               2.9920001                      -14.461806
               2.9960001                      -14.686327
                       3                      -14.904714
               3.0039999                      -15.115033
               3.0079999                      -15.315149
               3.0120001                      -15.502745
                   3.016                      -15.675368
                    3.02                       -15.83049
               3.0239999                      -15.965597
               3.0280001                      -16.078281
               3.0320001                      -16.166359
                   3.036                      -16.227987
                    3.04                      -16.261771
               3.0439999                      -16.266859
               3.0480001                       -16.24299
                   3.052                      -16.190525
                   3.056                      -16.110416
               3.0599999                      -16.004147
               3.0639999                      -15.873644
               3.0680001                      -15.721161
                   3.072                      -15.549164
                   3.076                      -15.360218
               3.0799999                      -15.156889
               3.0840001                      -14.941659
               3.0880001                      -14.716873
                   3.092                      -14.484685
                   3.096                      -14.247047
               3.0999999                       -14.00569
               3.1040001                      -13.762132
                   3.108                      -13.517681
                   3.112                      -13.273452
               3.1159999                      -13.030387
               3.1199999                      -12.789266
               3.1240001                      -12.550733
                   3.128                      -12.315309
                   3.132                      -12.083404
               3.1359999                      -11.855344
               3.1400001                      -11.631372
               3.1440001                      -11.411672
                   3.148                       -11.19636
                   3.152                      -10.985516
               3.1559999                      -10.779178
               3.1600001                       -10.57735
                   3.164                       -10.38001
                   3.168                      -10.187112
               3.1719999                      -9.9985965
               3.1760001                      -9.8143872
               3.1800001                      -9.6343968
                   3.184                      -9.4585277
                   3.188                      -9.2866793
               3.1919999                      -9.1187432
               3.1960001                      -8.9546103
                     3.2                      -8.7941665
                   3.204                       -8.637302
               3.2079999                      -8.4839035
               3.2119999                      -8.3338596
               3.2160001                      -8.1870638
                    3.22                      -8.0434079
                   3.224                      -7.9027887
               3.2279999                      -7.7651088
               3.2320001                      -7.6302709
               3.2360001                      -7.4981853
                    3.24                      -7.3687635
                   3.244                       -7.241923
               3.2479999                      -7.1175879
               3.2520001                       -6.995682
                   3.256                      -6.8761396
                    3.26                      -6.7588967
               3.2639999                      -6.6438935
               3.2679999                      -6.5310757
               3.2720001                      -6.4203948
                   3.276                      -6.3118042
                    3.28                      -6.2052618
               3.2839999                      -6.1007319
               3.2880001                      -5.9981793
               3.2920001                      -5.8975764
                   3.296                      -5.7988929
                     3.3                       -5.702106
               3.3039999                      -5.6071955
               3.3080001                      -5.5141399
                   3.312                      -5.4229246
                   3.316                      -5.3335345
               3.3199999                      -5.2459524
               3.3239999                      -5.1601696
               3.3280001                      -5.0761706
                   3.332                      -4.9939474
                   3.336                      -4.9134889
               3.3399999                      -4.8347821
               3.3440001                      -4.7578177
                   3.348                      -4.6825832
                   3.352                      -4.6090642
               3.3559999                      -4.5372509
               3.3599999                       -4.467127
               3.3640001                      -4.3986749
                   3.368                      -4.3318788
                   3.372                      -4.2667195
               3.3759999                      -4.2031752
               3.3800001                      -4.1412222
               3.3840001                      -4.0808363
                   3.388                      -4.0219904
                   3.392                      -3.9646563
               3.3959999                      -3.9087997
               3.4000001                      -3.8543898
                   3.404                      -3.8013891
                   3.408                      -3.7497616
               3.4119999                      -3.6994669
               3.4159999                       -3.650462
               3.4200001                      -3.6027046
                   3.424                       -3.556151
                   3.428                      -3.5107538
               3.4319999                      -3.4664639
               3.4360001                      -3.4232345
               3.4400001                      -3.3810155
                   3.444                      -3.3397566
                   3.448                      -3.2994068
               3.4519999                       -3.259916
               3.4560001                      -3.2212329
                    3.46                      -3.1833086
                   3.464                      -3.1460925
               3.4679999                      -3.1095383
               3.4719999                      -3.0735951
               3.4760001                      -3.0382216
                    3.48                      -3.0033713
                   3.484                      -2.9690043
               3.4879999                      -2.9350792
               3.4920001                      -2.9015606
               3.4960001                      -2.8684161
                     3.5                      -2.8356127
               3.5039999                      -2.8031231
               3.5079999                      -2.7709236
               3.5120001                      -2.7389934
                   3.516                      -2.7073134
                    3.52                      -2.6758714
               3.5239999                      -2.6446552
               3.5280001                      -2.6136601
               3.5320001                      -2.5828802
                   3.536                      -2.5523175
                    3.54                       -2.521974
               3.5439999                       -2.491856
               3.5480001                       -2.461973
                   3.552                      -2.4323379
                   3.556                      -2.4029646
               3.5599999                      -2.3738688
               3.5639999                      -2.3450706
               3.5680001                      -2.3165903
                   3.572                      -2.2884489
                   3.576                      -2.2606699
               3.5799999                      -2.2332776
               3.5840001                      -2.2062947
               3.5880001                      -2.1797466
                   3.592                       -2.153656
                   3.596                      -2.1280477
               3.5999999                      -2.1029433
               3.6040001                      -2.0783657
                   3.608                      -2.0543332
                   3.612                       -2.030865
               3.6159999                      -2.0079776
               3.6199999                      -1.9856841
               3.6240001                      -1.9639987
                   3.628                      -1.9429276
                   3.632                      -1.9224803
               3.6359999                      -1.9026589
               3.6400001                      -1.8834651
               3.6440001                       -1.864896
                   3.648                      -1.8469471
                   3.652                      -1.8296085
               3.6559999                        -1.81287
               3.6600001                      -1.7967179
                   3.664                      -1.7811319
                   3.668                      -1.7660939
               3.6719999                      -1.7515799
               3.6760001                      -1.7375656
               3.6800001                      -1.7240218
                   3.684                      -1.7109196
                   3.688                      -1.6982241
               3.6919999                      -1.6859039
               3.6960001                      -1.6739222
                     3.7                      -1.6622439
                   3.704                      -1.6508298
               3.7079999                      -1.6396448
               3.7119999                      -1.6286492
               3.7160001                      -1.6178042
                    3.72                      -1.6070762
                   3.724                      -1.5964274
               3.7279999                      -1.5858192
               3.7320001                      -1.5752235
               3.7360001                      -1.5646057
                    3.74                      -1.5539367
                   3.744                      -1.5431913
               3.7479999                      -1.5323441
               3.7520001                      -1.5213724
                   3.756                      -1.5102623
                    3.76                       -1.498996
               3.7639999                      -1.4875623
               3.7679999                      -1.4759561
               3.7720001                      -1.4641715
                   3.776                      -1.4522095
                    3.78                      -1.4400746
               3.7839999                       -1.427772
               3.7880001                      -1.4153152
               3.7920001                      -1.4027154
                   3.796                      -1.3899926
                     3.8                      -1.3771658
               3.8039999                      -1.3642587
               3.8080001                      -1.3512956
                   3.812                      -1.3383065
                   3.816                      -1.3253201
               3.8199999                      -1.3123671
               3.8239999                      -1.2994798
               3.8280001                      -1.2866931
                   3.832                      -1.2740391
                   3.836                      -1.2615512
               3.8399999                      -1.2492634
               3.8440001                      -1.2372074
                   3.848                      -1.2254162
                   3.852                      -1.2139198
               3.8559999                       -1.202746
               3.8599999                      -1.1919208
               3.8640001                      -1.1814708
                   3.868                      -1.1714149
                   3.872                      -1.1617729
               3.8759999                      -1.1525606
               3.8800001                       -1.143791
               3.8840001                      -1.1354724
                   3.888                      -1.1276102
                   3.892                      -1.1202081
               3.8959999                       -1.113262
               3.9000001                      -1.1067685
                   3.904                        -1.10072
                   3.908                         -1.0951
               3.9119999                      -1.0898952
               3.9159999                      -1.0850866
               3.9200001                      -1.0806505
                   3.924                      -1.0765618
                   3.928                      -1.0727918
               3.9319999                      -1.0693102
               3.9360001                      -1.0660832
               3.9400001                       -1.063076
                   3.944                      -1.0602522
                   3.948                      -1.0575717
               3.9519999                      -1.0549969
               3.9560001                      -1.0524893
                    3.96                      -1.0500071
                   3.964                      -1.0475127
               3.9679999                      -1.0449663
               3.9719999                      -1.0423321
               3.9760001                      -1.0395716
                    3.98                      -1.0366531
                   3.984                      -1.0335434
               3.9879999                      -1.0302145
               3.9920001                      -1.0266402
               3.9960001                      -1.0227956
                       4                      -1.0186645

