        Frequency / GHz                S1,1 (10)/abs,dB
----------------------------------------------------------------------
                       0                  -0.00037587239
            0.0040000002                  -0.00051242278
            0.0080000004                  -0.00091858674
                   0.012                   -0.0015911474
             0.016000001                   -0.0025188625
                    0.02                   -0.0036917659
                   0.024                   -0.0050938926
             0.028000001                   -0.0067079093
             0.032000002                   -0.0085119694
             0.035999998                    -0.010481745
             0.039999999                    -0.012594015
                   0.044                    -0.014819362
                   0.048                    -0.017128869
             0.052000001                     -0.01949304
             0.056000002                    -0.021881244
             0.059999999                    -0.024260634
             0.064000003                    -0.026601827
             0.068000004                    -0.028871614
             0.071999997                    -0.031042267
             0.075999998                     -0.03308375
             0.079999998                     -0.03496837
             0.083999999                    -0.036672337
                   0.088                    -0.038171595
                   0.092                    -0.039448078
             0.096000001                    -0.040481901
                     0.1                     -0.04126127
                   0.104                    -0.041774671
                   0.108                    -0.042014555
                   0.112                    -0.041978371
                   0.116                    -0.041665482
                    0.12                    -0.041080817
                   0.124                    -0.040230736
              0.12800001                    -0.039127204
                   0.132                    -0.037783145
              0.13600001                    -0.036218691
                    0.14                    -0.034452902
              0.14399999                    -0.032508971
                   0.148                    -0.030411672
                   0.152                    -0.028190481
                   0.156                    -0.025874424
                    0.16                    -0.023493661
                   0.164                    -0.021078995
                   0.168                    -0.018663997
              0.17200001                    -0.016278256
                   0.176                    -0.013955233
              0.18000001                    -0.011725002
                   0.184                   -0.0096169007
              0.18799999                   -0.0076590128
                   0.192                   -0.0058782235
              0.19599999                   -0.0042976167
                     0.2                   -0.0029385914
                   0.204                   -0.0018188047
                   0.208                  -0.00095626738
                   0.212                  -0.00035906938
              0.21600001                  -3.9752876e-05
                    0.22                  -4.0116393e-07
              0.22400001                  -0.00024388412
                   0.228                  -0.00076665835
              0.23199999                   -0.0015679697
                   0.236                   -0.0026317408
              0.23999999                   -0.0039487246
                   0.244                   -0.0055040163
                   0.248                   -0.0072754727
                   0.252                   -0.0092423763
              0.25600001                    -0.011379703
              0.25999999                    -0.013661184
                   0.264                     -0.01605706
              0.26800001                    -0.018536222
              0.27200001                    -0.021068607
              0.27599999                    -0.023619587
                    0.28                    -0.026157546
              0.28400001                    -0.028648769
              0.28799999                    -0.031060512
                   0.292                    -0.033360901
                   0.296                    -0.035520638
              0.30000001                    -0.037510253
              0.30399999                     -0.03930178
                   0.308                    -0.040874504
              0.31200001                    -0.042203947
              0.31600001                    -0.043275153
              0.31999999                    -0.044069991
                   0.324                    -0.044580869
              0.32800001                    -0.044798407
              0.33199999                    -0.044719579
                   0.336                    -0.044344903
                    0.34                    -0.043679908
              0.34400001                    -0.042731621
              0.34799999                     -0.04151389
                   0.352                    -0.040041507
              0.35600001                    -0.038334307
              0.36000001                     -0.03641473
              0.36399999                    -0.034309245
                   0.368                     -0.03204409
              0.37200001                     -0.02965154
              0.37599999                    -0.027163902
                    0.38                    -0.024613392
                   0.384                    -0.022034833
              0.38800001                    -0.019463746
              0.39199999                    -0.016936131
                   0.396                    -0.014486126
              0.40000001                    -0.012146624
              0.40400001                   -0.0099510177
              0.40799999                   -0.0079305654
                   0.412                   -0.0061144368
              0.41600001                   -0.0045281398
              0.41999999                   -0.0031946222
              0.42399999                   -0.0021365959
                   0.428                   -0.0013701889
              0.43200001                  -0.00090740203
              0.43599999                  -0.00075997758
                    0.44                  -0.00093277268
              0.44400001                   -0.0014273216
              0.44800001                   -0.0022425625
              0.45199999                   -0.0033712923
                   0.456                   -0.0048033265
              0.46000001                    -0.006524781
              0.46399999                   -0.0085165264
              0.46799999                    -0.010759995
                   0.472                    -0.013226401
              0.47600001                    -0.015891133
              0.47999999                    -0.018722093
                   0.484                    -0.021687298
              0.48800001                    -0.024752947
              0.49200001                    -0.027882089
              0.49599999                    -0.031036698
                     0.5                    -0.034180053
              0.50400001                    -0.037274307
              0.50800002                    -0.040282905
              0.51200002                    -0.043168577
              0.51599997                    -0.045896458
              0.51999998                    -0.048435623
              0.52399999                    -0.050752241
                   0.528                    -0.052820644
              0.53200001                    -0.054616706
              0.53600001                    -0.056118447
              0.54000002                      -0.0573088
              0.54400003                    -0.058175743
              0.54799998                    -0.058711031
              0.55199999                    -0.058909016
              0.55599999                    -0.058772926
                    0.56                    -0.058306624
              0.56400001                    -0.057520324
              0.56800002                    -0.056427574
              0.57200003                    -0.055049833
              0.57599998                    -0.053408877
              0.57999998                    -0.051530263
              0.58399999                     -0.04944681
                   0.588                    -0.047191916
              0.59200001                    -0.044801592
              0.59600002                    -0.042312352
              0.60000002                    -0.039767633
              0.60399997                    -0.037208163
              0.60799998                    -0.034676493
              0.61199999                     -0.03221446
                   0.616                    -0.029866372
                    0.62                    -0.027671647
              0.62400001                    -0.025672021
              0.62800002                    -0.023905567
              0.63200003                    -0.022408193
              0.63599998                    -0.021212581
              0.63999999                    -0.020348354
              0.64399999                    -0.019841278
                   0.648                    -0.019715936
              0.65200001                    -0.019987612
              0.65600002                    -0.020672351
              0.66000003                    -0.021777212
              0.66399997                    -0.023308105
              0.66799998                    -0.025261348
              0.67199999                    -0.027633276
                   0.676                    -0.030413147
              0.68000001                    -0.033584215
              0.68400002                    -0.037126705
              0.68800002                    -0.041018217
              0.69199997                    -0.045226905
              0.69599998                    -0.049721549
              0.69999999                    -0.054466039
                   0.704                    -0.059421013
                   0.708                    -0.064544924
              0.71200001                    -0.069794459
              0.71600002                    -0.075123227
              0.72000003                    -0.080484226
              0.72399998                    -0.085833464
              0.72799999                    -0.091122735
              0.73199999                    -0.096306856
                   0.736                     -0.10134196
              0.74000001                     -0.10618676
              0.74400002                     -0.11080213
              0.74800003                      -0.1151534
              0.75199997                      -0.1192082
              0.75599998                     -0.12293975
              0.75999999                     -0.12632543
                   0.764                     -0.12934987
              0.76800001                     -0.13200108
              0.77200001                     -0.13427467
              0.77600002                     -0.13617114
              0.77999997                     -0.13769837
              0.78399998                     -0.13886766
              0.78799999                     -0.13970308
                   0.792                     -0.14022577
                   0.796                      -0.1404704
              0.80000001                     -0.14047244
              0.80400002                     -0.14027485
              0.80800003                     -0.13992469
              0.81199998                     -0.13947172
              0.81599998                     -0.13897358
              0.81999999                     -0.13848545
                   0.824                     -0.13806853
              0.82800001                     -0.13778487
              0.83200002                      -0.1376959
              0.83600003                     -0.13786663
              0.83999997                     -0.13835811
              0.84399998                     -0.13923299
              0.84799999                     -0.14055042
                   0.852                     -0.14237025
              0.85600001                     -0.14474623
              0.86000001                     -0.14772605
              0.86400002                     -0.15136116
              0.86799997                     -0.15569045
              0.87199998                     -0.16075188
              0.87599999                     -0.16657929
                    0.88                     -0.17319513
                   0.884                     -0.18062167
              0.88800001                      -0.1888706
              0.89200002                     -0.19795134
              0.89600003                     -0.20786347
              0.89999998                     -0.21860084
              0.90399998                     -0.23015295
              0.90799999                     -0.24250271
                   0.912                     -0.25562414
              0.91600001                     -0.26949076
              0.92000002                     -0.28406698
              0.92400002                      -0.2993149
              0.92799997                     -0.31519064
              0.93199998                     -0.33165068
              0.93599999                     -0.34864347
                    0.94                     -0.36612227
              0.94400001                     -0.38403278
              0.94800001                     -0.40232619
              0.95200002                      -0.4209509
              0.95599997                     -0.43985979
              0.95999998                     -0.45900586
              0.96399999                     -0.47835022
              0.96799999                     -0.49785406
                   0.972                      -0.5174899
              0.97600001                     -0.53723173
              0.98000002                     -0.55706718
              0.98400003                     -0.57698657
              0.98799998                     -0.59699593
              0.99199998                     -0.61710855
              0.99599999                     -0.63734853
                       1                     -0.65775331
               1.0039999                     -0.67837166
                   1.008                     -0.69926434
                   1.012                     -0.72050545
                   1.016                     -0.74218108
                    1.02                     -0.76438997
                   1.024                     -0.78724486
                   1.028                     -0.81086972
               1.0319999                     -0.83539942
                   1.036                     -0.86098244
                    1.04                     -0.88777531
                   1.044                     -0.91594864
                   1.048                     -0.94568005
                   1.052                     -0.97715658
                   1.056                      -1.0105743
               1.0599999                      -1.0461378
                   1.064                      -1.0840566
                   1.068                      -1.1245486
                   1.072                      -1.1678341
                   1.076                      -1.2141435
                    1.08                      -1.2637076
                   1.084                      -1.3167638
               1.0880001                      -1.3735503
                   1.092                       -1.434313
                   1.096                      -1.4992948
                     1.1                      -1.5687471
                   1.104                      -1.6429206
                   1.108                      -1.7220688
                   1.112                      -1.8064461
               1.1160001                      -1.8963145
                    1.12                      -1.9919313
                   1.124                      -2.0935611
                   1.128                      -2.2014718
                   1.132                       -2.315927
                   1.136                      -2.4372017
                    1.14                      -2.5655676
               1.1440001                      -2.7013034
                   1.148                      -2.8446896
                   1.152                      -2.9960093
                   1.156                      -3.1555462
                    1.16                      -3.3235901
                   1.164                      -3.5004288
                   1.168                      -3.6863515
               1.1720001                      -3.8816501
                   1.176                      -4.0866048
               1.1799999                      -4.3014952
                   1.184                      -4.5265914
                   1.188                      -4.7621423
                   1.192                      -5.0083738
                   1.196                      -5.2654861
                     1.2                      -5.5336255
                   1.204                      -5.8128834
               1.2079999                      -6.1032659
                   1.212                      -6.4046725
                   1.216                      -6.7168634
                    1.22                      -7.0394148
                   1.224                      -7.3716647
                   1.228                      -7.7126572
                   1.232                       -8.061055
               1.2359999                      -8.4150576
                    1.24                      -8.7722839
                   1.244                      -9.1296838
                   1.248                      -9.4834092
                   1.252                      -9.8287426
                   1.256                       -10.16005
                    1.26                      -10.470828
               1.2640001                      -10.753872
                   1.268                      -11.001601
                   1.272                      -11.206556
                   1.276                      -11.362055
                    1.28                       -11.46288
                   1.284                      -11.505932
                   1.288                      -11.490614
               1.2920001                      -11.418929
                   1.296                      -11.295196
                     1.3                      -11.125505
                   1.304                      -10.917021
                   1.308                      -10.677304
                   1.312                      -10.413738
                   1.316                      -10.133124
               1.3200001                      -9.8414457
                   1.324                      -9.5437809
               1.3279999                      -9.2443041
                   1.332                      -8.9463622
                   1.336                      -8.6525673
                    1.34                      -8.3649101
                   1.344                      -8.0848737
                   1.348                      -7.8135187
                   1.352                      -7.5515731
               1.3559999                      -7.2995027
                    1.36                      -7.0575639
                   1.364                      -6.8258562
                   1.368                      -6.6043555
                   1.372                      -6.3929409
                   1.376                      -6.1914209
                    1.38                      -5.9995529
               1.3839999                      -5.8170531
                   1.388                      -5.6436083
                   1.392                      -5.4788853
                   1.396                      -5.3225398
                     1.4                      -5.1742126
                   1.404                       -5.033546
                   1.408                      -4.9001756
               1.4119999                      -4.7737379
                   1.416                      -4.6538742
                    1.42                      -4.5402251
                   1.424                      -4.4324382
                   1.428                      -4.3301678
                   1.432                      -4.2330732
                   1.436                      -4.1408204
               1.4400001                      -4.0530844
                   1.444                      -3.9695498
                   1.448                      -3.8899122
                   1.452                      -3.8138737
                   1.456                      -3.7411499
                    1.46                       -3.671467
                   1.464                      -3.6045669
               1.4680001                      -3.5402006
                   1.472                      -3.4781362
                   1.476                      -3.4181531
                    1.48                      -3.3600482
                   1.484                      -3.3036326
                   1.488                      -3.2487359
                   1.492                      -3.1951978
               1.4960001                      -3.1428796
                     1.5                      -3.0916572
               1.5039999                      -3.0414232
                   1.508                      -2.9920855
                   1.512                      -2.9435649
                   1.516                      -2.8958032
                    1.52                      -2.8487521
                   1.524                      -2.8023781
                   1.528                       -2.756662
               1.5319999                      -2.7115939
                   1.536                      -2.6671763
                    1.54                      -2.6234221
                   1.544                      -2.5803516
                   1.548                      -2.5379914
                   1.552                      -2.4963752
                   1.556                      -2.4555455
               1.5599999                      -2.4155415
                   1.564                      -2.3764093
                   1.568                      -2.3381948
                   1.572                      -2.3009465
                   1.576                      -2.2647089
                    1.58                      -2.2295284
                   1.584                      -2.1954431
               1.5880001                      -2.1624943
                   1.592                      -2.1307156
                   1.596                      -2.1001349
                     1.6                      -2.0707786
                   1.604                      -2.0426625
                   1.608                      -2.0157999
                   1.612                      -1.9901959
               1.6160001                      -1.9658496
                    1.62                      -1.9427525
                   1.624                      -1.9208914
                   1.628                      -1.9002434
                   1.632                      -1.8807795
                   1.636                      -1.8624676
                    1.64                      -1.8452661
               1.6440001                      -1.8291267
                   1.648                      -1.8139971
                   1.652                      -1.7998229
                   1.656                       -1.786541
                    1.66                       -1.774085
                   1.664                      -1.7623867
                   1.668                      -1.7513755
               1.6720001                       -1.740977
                   1.676                      -1.7311178
               1.6799999                      -1.7217202
                   1.684                      -1.7127127
                   1.688                      -1.7040191
                   1.692                      -1.6955668
                   1.696                      -1.6872879
                     1.7                      -1.6791146
                   1.704                      -1.6709858
               1.7079999                      -1.6628402
                   1.712                      -1.6546289
                   1.716                      -1.6463004
                    1.72                      -1.6378155
                   1.724                       -1.629138
                   1.728                      -1.6202387
                   1.732                      -1.6110962
               1.7359999                      -1.6016952
                    1.74                      -1.5920277
                   1.744                      -1.5820929
                   1.748                      -1.5718968
                   1.752                      -1.5614495
                   1.756                      -1.5507707
                    1.76                      -1.5398822
               1.7640001                      -1.5288131
                   1.768                      -1.5175981
                   1.772                      -1.5062747
                   1.776                      -1.4948825
                    1.78                      -1.4834647
                   1.784                      -1.4720695
                   1.788                      -1.4607435
               1.7920001                      -1.4495332
                   1.796                      -1.4384906
                     1.8                      -1.4276588
                   1.804                      -1.4170879
                   1.808                      -1.4068199
                   1.812                      -1.3968994
                   1.816                      -1.3873637
               1.8200001                        -1.37825
                   1.824                       -1.369589
               1.8279999                      -1.3614116
                   1.832                      -1.3537377
                   1.836                      -1.3465895
                    1.84                      -1.3399791
                   1.844                      -1.3339137
                   1.848                      -1.3284003
                   1.852                      -1.3234346
               1.8559999                      -1.3190114
                    1.86                       -1.315119
                   1.864                      -1.3117394
                   1.868                      -1.3088532
                   1.872                      -1.3064346
                   1.876                      -1.3044534
                    1.88                      -1.3028769
               1.8839999                      -1.3016678
                   1.888                      -1.3007877
                   1.892                      -1.3001949
                   1.896                      -1.2998451
                     1.9                      -1.2996946
                   1.904                      -1.2996969
                   1.908                      -1.2998066
               1.9119999                      -1.2999773
                   1.916                      -1.3001652
                    1.92                      -1.3003272
                   1.924                      -1.3004218
                   1.928                      -1.3004096
                   1.932                      -1.3002546
                   1.936                      -1.2999249
               1.9400001                      -1.2993916
                   1.944                      -1.2986281
                   1.948                      -1.2976167
                   1.952                      -1.2963386
                   1.956                      -1.2947851
                    1.96                      -1.2929482
                   1.964                      -1.2908271
               1.9680001                      -1.2884225
                   1.972                      -1.2857459
                   1.976                      -1.2828088
                    1.98                      -1.2796262
                   1.984                       -1.276221
                   1.988                      -1.2726153
                   1.992                      -1.2688393
               1.9960001                       -1.264923
                       2                      -1.2608998
               2.0039999                      -1.2568032
               2.0079999                      -1.2526737
               2.0120001                      -1.2485465
                   2.016                      -1.2444586
                    2.02                      -1.2404521
               2.0239999                      -1.2365611
               2.0280001                      -1.2328259
               2.0320001                      -1.2292789
                   2.036                      -1.2259562
                    2.04                      -1.2228875
               2.0439999                      -1.2201013
               2.0480001                      -1.2176259
                   2.052                        -1.21548
                   2.056                       -1.213685
               2.0599999                      -1.2122546
               2.0639999                      -1.2112015
               2.0680001                      -1.2105325
                   2.072                      -1.2102507
                   2.076                       -1.210355
               2.0799999                      -1.2108406
               2.0840001                      -1.2116988
               2.0880001                      -1.2129169
                   2.092                      -1.2144781
                   2.096                      -1.2163651
               2.0999999                      -1.2185511
               2.1040001                      -1.2210135
                   2.108                      -1.2237221
                   2.112                      -1.2266472
               2.1159999                      -1.2297566
               2.1199999                      -1.2330156
               2.1240001                      -1.2363897
                   2.128                      -1.2398443
                   2.132                       -1.243343
               2.1359999                      -1.2468518
               2.1400001                      -1.2503347
               2.1440001                       -1.253762
                   2.148                      -1.2570985
                   2.152                      -1.2603167
               2.1559999                      -1.2633899
               2.1600001                       -1.266292
                   2.164                      -1.2690049
                   2.168                      -1.2715084
               2.1719999                      -1.2737895
               2.1760001                       -1.275837
               2.1800001                      -1.2776451
                   2.184                      -1.2792095
                   2.188                      -1.2805322
               2.1919999                      -1.2816181
               2.1960001                      -1.2824761
                     2.2                      -1.2831194
                   2.204                      -1.2835614
               2.2079999                      -1.2838232
               2.2119999                      -1.2839272
               2.2160001                      -1.2838975
                    2.22                      -1.2837599
                   2.224                      -1.2835455
               2.2279999                      -1.2832846
               2.2320001                      -1.2830077
               2.2360001                      -1.2827481
                    2.24                      -1.2825386
                   2.244                      -1.2824117
               2.2479999                         -1.2824
               2.2520001                      -1.2825338
                   2.256                      -1.2828444
                    2.26                       -1.283359
               2.2639999                      -1.2841043
               2.2679999                      -1.2851049
               2.2720001                      -1.2863819
                   2.276                      -1.2879532
                    2.28                       -1.289836
               2.2839999                       -1.292042
               2.2880001                      -1.2945798
               2.2920001                      -1.2974555
                   2.296                      -1.3006713
                     2.3                      -1.3042264
               2.3039999                      -1.3081154
               2.3080001                      -1.3123309
                   2.312                      -1.3168594
                   2.316                      -1.3216896
               2.3199999                       -1.326803
               2.3239999                      -1.3321791
               2.3280001                      -1.3377953
                   2.332                      -1.3436282
                   2.336                      -1.3496504
               2.3399999                      -1.3558344
               2.3440001                      -1.3621518
                   2.348                      -1.3685715
                   2.352                      -1.3750645
               2.3559999                      -1.3815997
               2.3599999                      -1.3881488
               2.3640001                       -1.394681
                   2.368                      -1.4011702
                   2.372                      -1.4075892
               2.3759999                      -1.4139144
               2.3800001                      -1.4201231
               2.3840001                      -1.4261939
                   2.388                      -1.4321133
                   2.392                      -1.4378639
               2.3959999                      -1.4434363
               2.4000001                      -1.4488233
                   2.404                      -1.4540196
                   2.408                      -1.4590249
               2.4119999                      -1.4638413
               2.4159999                      -1.4684757
               2.4200001                      -1.4729357
                   2.424                      -1.4772364
                   2.428                      -1.4813918
               2.4319999                       -1.485419
               2.4360001                      -1.4893416
               2.4400001                      -1.4931825
                   2.444                      -1.4969672
                   2.448                      -1.5007199
               2.4519999                      -1.5044728
               2.4560001                      -1.5082542
                    2.46                      -1.5120925
                   2.464                      -1.5160209
               2.4679999                      -1.5200673
               2.4719999                      -1.5242623
               2.4760001                      -1.5286358
                    2.48                      -1.5332146
                   2.484                      -1.5380257
               2.4879999                      -1.5430934
               2.4920001                      -1.5484391
               2.4960001                      -1.5540847
                     2.5                      -1.5600468
               2.5039999                      -1.5663403
               2.5079999                      -1.5729787
               2.5120001                      -1.5799691
                   2.516                      -1.5873173
                    2.52                      -1.5950285
               2.5239999                      -1.6030999
               2.5280001                      -1.6115295
               2.5320001                        -1.62031
                   2.536                      -1.6294331
                    2.54                      -1.6388847
               2.5439999                      -1.6486528
               2.5480001                      -1.6587169
                   2.552                      -1.6690586
                   2.556                      -1.6796569
               2.5599999                      -1.6904887
               2.5639999                       -1.701528
               2.5680001                       -1.712752
                   2.572                      -1.7241306
                   2.576                      -1.7356405
               2.5799999                      -1.7472511
               2.5840001                      -1.7589403
               2.5880001                      -1.7706799
                   2.592                      -1.7824452
                   2.596                      -1.7942137
               2.5999999                      -1.8059629
               2.6040001                      -1.8176724
                   2.608                      -1.8293275
                   2.612                       -1.840911
               2.6159999                      -1.8524107
               2.6199999                      -1.8638177
               2.6240001                      -1.8751264
                   2.628                      -1.8863325
                   2.632                      -1.8974361
               2.6359999                      -1.9084409
               2.6400001                      -1.9193542
               2.6440001                      -1.9301841
                   2.648                      -1.9409433
                   2.652                      -1.9516496
               2.6559999                      -1.9623186
               2.6600001                       -1.972973
                   2.664                      -1.9836352
                   2.668                      -1.9943317
               2.6719999                      -2.0050877
               2.6760001                      -2.0159345
               2.6800001                      -2.0268993
                   2.684                       -2.038014
                   2.688                      -2.0493093
               2.6919999                      -2.0608149
               2.6960001                      -2.0725632
                     2.7                      -2.0845843
                   2.704                      -2.0969078
               2.7079999                      -2.1095616
               2.7119999                      -2.1225727
               2.7160001                      -2.1359657
                    2.72                      -2.1497631
                   2.724                      -2.1639895
               2.7279999                      -2.1786584
               2.7320001                      -2.1937885
               2.7360001                      -2.2093935
                    2.74                      -2.2254817
                   2.744                      -2.2420621
               2.7479999                      -2.2591384
               2.7520001                      -2.2767133
                   2.756                       -2.294784
                    2.76                      -2.3133478
               2.7639999                      -2.3323974
               2.7679999                      -2.3519232
               2.7720001                      -2.3719143
                   2.776                      -2.3923546
                    2.78                      -2.4132296
               2.7839999                      -2.4345206
               2.7880001                      -2.4562082
               2.7920001                      -2.4782721
                   2.796                       -2.500689
                     2.8                      -2.5234367
               2.8039999                      -2.5464948
               2.8080001                      -2.5698373
                   2.812                      -2.5934434
                   2.816                      -2.6172912
               2.8199999                      -2.6413601
               2.8239999                      -2.6656294
               2.8280001                      -2.6900815
                   2.832                      -2.7146999
                   2.836                      -2.7394702
               2.8399999                      -2.7643841
               2.8440001                      -2.7894278
                   2.848                      -2.8145966
                   2.852                      -2.8398899
               2.8559999                      -2.8653047
               2.8599999                      -2.8908424
               2.8640001                      -2.9165132
                   2.868                      -2.9423228
                   2.872                      -2.9682844
               2.8759999                      -2.9944126
               2.8800001                      -3.0207278
               2.8840001                      -3.0472486
                   2.888                      -3.0740008
                   2.892                      -3.1010097
               2.8959999                      -3.1283028
               2.9000001                      -3.1559116
                   2.904                       -3.183869
                   2.908                      -3.2122066
               2.9119999                      -3.2409608
               2.9159999                      -3.2701647
               2.9200001                      -3.2998568
                   2.924                      -3.3300716
                   2.928                      -3.3608456
               2.9319999                      -3.3922137
               2.9360001                      -3.4242104
               2.9400001                      -3.4568709
                   2.944                      -3.4902249
                   2.948                      -3.5243042
               2.9519999                      -3.5591381
               2.9560001                      -3.5947531
                    2.96                      -3.6311713
                   2.964                      -3.6684174
               2.9679999                       -3.706511
               2.9719999                      -3.7454656
               2.9760001                      -3.7852961
                    2.98                      -3.8260128
                   2.984                      -3.8676236
               2.9879999                      -3.9101344
               2.9920001                      -3.9535457
               2.9960001                      -3.9978559
                       3                      -4.0430628
               3.0039999                      -4.0891562
               3.0079999                       -4.136128
               3.0120001                      -4.1839665
                   3.016                      -4.2326558
                    3.02                      -4.2821798
               3.0239999                      -4.3325188
               3.0280001                       -4.383651
               3.0320001                      -4.4355539
                   3.036                      -4.4882053
                    3.04                      -4.5415777
               3.0439999                      -4.5956433
               3.0480001                      -4.6503785
                   3.052                      -4.7057512
                   3.056                      -4.7617351
               3.0599999                      -4.8183005
               3.0639999                      -4.8754213
               3.0680001                      -4.9330655
                   3.072                      -4.9912085
                   3.076                      -5.0498193
               3.0799999                      -5.1088746
               3.0840001                      -5.1683469
               3.0880001                      -5.2282066
                   3.092                      -5.2884347
                   3.096                      -5.3490046
               3.0999999                      -5.4098935
               3.1040001                      -5.4710772
                   3.108                       -5.532534
                   3.112                      -5.5942423
               3.1159999                      -5.6561803
               3.1199999                      -5.7183248
               3.1240001                      -5.7806555
                   3.128                      -5.8431461
                   3.132                      -5.9057776
               3.1359999                      -5.9685204
               3.1400001                      -6.0313488
               3.1440001                       -6.094234
                   3.148                      -6.1571458
                   3.152                      -6.2200481
               3.1559999                       -6.282905
               3.1600001                      -6.3456738
                   3.164                      -6.4083105
                   3.168                      -6.4707646
               3.1719999                      -6.5329819
               3.1760001                       -6.594902
               3.1800001                      -6.6564607
                   3.184                      -6.7175867
                   3.188                      -6.7782015
               3.1919999                      -6.8382241
               3.1960001                       -6.897564
                     3.2                      -6.9561239
                   3.204                      -7.0138037
               3.2079999                      -7.0704912
               3.2119999                      -7.1260751
               3.2160001                      -7.1804314
                    3.22                      -7.2334348
                   3.224                      -7.2849559
               3.2279999                      -7.3348556
               3.2320001                       -7.382995
               3.2360001                      -7.4292287
                    3.24                      -7.4734145
                   3.244                      -7.5153993
               3.2479999                      -7.5550414
               3.2520001                      -7.5921898
                   3.256                      -7.6267005
                    3.26                       -7.658428
               3.2639999                      -7.6872346
               3.2679999                      -7.7129865
               3.2720001                       -7.735556
                   3.276                       -7.754825
                    3.28                      -7.7706821
               3.2839999                      -7.7830261
               3.2880001                      -7.7917685
               3.2920001                       -7.796831
                   3.296                      -7.7981468
                     3.3                      -7.7956677
               3.3039999                      -7.7893531
               3.3080001                      -7.7791817
                   3.312                      -7.7651436
                   3.316                       -7.747246
               3.3199999                      -7.7255088
               3.3239999                       -7.699967
               3.3280001                        -7.67067
                   3.332                      -7.6376781
                   3.336                      -7.6010689
               3.3399999                      -7.5609264
               3.3440001                      -7.5173513
                   3.348                      -7.4704503
                   3.352                      -7.4203408
               3.3559999                      -7.3671495
               3.3599999                      -7.3110103
               3.3640001                      -7.2520614
                   3.368                      -7.1904472
                   3.372                       -7.126317
               3.3759999                      -7.0598211
               3.3800001                      -6.9911195
               3.3840001                      -6.9203629
                   3.388                      -6.8477086
                   3.392                      -6.7733156
               3.3959999                      -6.6973392
               3.4000001                       -6.619933
                   3.404                      -6.5412513
                   3.408                      -6.4614431
               3.4119999                      -6.3806576
               3.4159999                      -6.2990403
               3.4200001                      -6.2167282
                   3.424                      -6.1338602
                   3.428                      -6.0505677
               3.4319999                      -5.9669798
               3.4360001                      -5.8832197
               3.4400001                      -5.7994049
                   3.444                      -5.7156505
                   3.448                      -5.6320634
               3.4519999                      -5.5487478
               3.4560001                      -5.4658032
                    3.46                      -5.3833191
                   3.464                      -5.3013823
               3.4679999                      -5.2200771
               3.4719999                      -5.1394789
               3.4760001                      -5.0596576
                    3.48                      -4.9806802
                   3.484                      -4.9026039
               3.4879999                      -4.8254847
               3.4920001                      -4.7493717
               3.4960001                       -4.674309
                     3.5                      -4.6003335
               3.5039999                      -4.5274784
               3.5079999                      -4.4557738
               3.5120001                      -4.3852398
                   3.516                      -4.3158968
                    3.52                      -4.2477592
               3.5239999                      -4.1808324
               3.5280001                      -4.1151231
               3.5320001                      -4.0506284
                   3.536                      -3.9873478
                    3.54                      -3.9252711
               3.5439999                      -3.8643867
               3.5480001                      -3.8046786
                   3.552                      -3.7461283
                   3.556                      -3.6887144
               3.5599999                      -3.6324109
               3.5639999                      -3.5771935
               3.5680001                      -3.5230317
                   3.572                      -3.4698922
                   3.576                      -3.4177462
               3.5799999                      -3.3665573
               3.5840001                      -3.3162914
               3.5880001                      -3.2669124
                   3.592                      -3.2183848
                   3.596                      -3.1706719
               3.5999999                      -3.1237405
               3.6040001                      -3.0775539
                   3.608                      -3.0320785
                   3.612                      -2.9872827
               3.6159999                      -2.9431327
               3.6199999                      -2.8996016
               3.6240001                      -2.8566629
                   3.628                      -2.8142884
                   3.632                      -2.7724575
               3.6359999                      -2.7311505
               3.6400001                      -2.6903492
               3.6440001                      -2.6500387
                   3.648                      -2.6102078
                   3.652                      -2.5708483
               3.6559999                      -2.5319527
               3.6600001                      -2.4935204
                   3.664                      -2.4555485
                   3.668                      -2.4180418
               3.6719999                      -2.3810042
               3.6760001                      -2.3444429
               3.6800001                      -2.3083685
                   3.684                      -2.2727915
                   3.688                      -2.2377276
               3.6919999                      -2.2031891
               3.6960001                      -2.1691931
                     3.7                      -2.1357577
                   3.704                      -2.1029003
               3.7079999                      -2.0706383
               3.7119999                      -2.0389911
               3.7160001                      -2.0079762
                    3.72                      -1.9776097
                   3.724                      -1.9479101
               3.7279999                       -1.918891
               3.7320001                      -1.8905674
               3.7360001                      -1.8629527
                    3.74                       -1.836056
                   3.744                      -1.8098839
               3.7479999                      -1.7844451
               3.7520001                      -1.7597418
                   3.756                      -1.7357746
                    3.76                      -1.7125418
               3.7639999                      -1.6900393
               3.7679999                      -1.6682588
               3.7720001                      -1.6471899
                   3.776                      -1.6268189
                    3.78                      -1.6071299
               3.7839999                       -1.588103
               3.7880001                      -1.5697175
               3.7920001                      -1.5519474
                   3.796                      -1.5347675
                     3.8                       -1.518149
               3.8039999                      -1.5020599
               3.8080001                      -1.4864675
                   3.812                      -1.4713376
                   3.816                       -1.456635
               3.8199999                      -1.4423257
               3.8239999                      -1.4283702
               3.8280001                      -1.4147337
                   3.832                      -1.4013785
                   3.836                      -1.3882676
               3.8399999                      -1.3753672
               3.8440001                      -1.3626444
                   3.848                      -1.3500649
                   3.852                      -1.3375989
               3.8559999                       -1.325218
               3.8599999                      -1.3128952
               3.8640001                      -1.3006094
                   3.868                      -1.2883412
                   3.872                      -1.2760706
               3.8759999                      -1.2637861
               3.8800001                      -1.2514784
               3.8840001                      -1.2391391
                   3.888                      -1.2267675
                   3.892                      -1.2143628
               3.8959999                      -1.2019305
               3.9000001                      -1.1894753
                   3.904                      -1.1770129
                   3.908                      -1.1645546
               3.9119999                      -1.1521193
               3.9159999                      -1.1397243
               3.9200001                      -1.1273954
                   3.924                      -1.1151545
                   3.928                       -1.103028
               3.9319999                      -1.0910452
               3.9360001                      -1.0792344
               3.9400001                      -1.0676226
                   3.944                      -1.0562419
                   3.948                      -1.0451214
               3.9519999                      -1.0342896
               3.9560001                      -1.0237758
                    3.96                      -1.0136066
                   3.964                      -1.0038053
               3.9679999                     -0.99439898
               3.9719999                     -0.98540611
               3.9760001                     -0.97684652
                    3.98                     -0.96873514
                   3.984                     -0.96108662
               3.9879999                      -0.9539082
               3.9920001                     -0.94720966
               3.9960001                     -0.94099192
                       4                     -0.93525468

