        Frequency / GHz                S1,1 (l2=35)/abs,dB
----------------------------------------------------------------------
                       0                  -0.00058400708
            0.0040000002                  -0.00069458215
            0.0080000004                    -0.001025395
                   0.012                   -0.0015721521
             0.016000001                   -0.0023276865
                    0.02                   -0.0032814234
                   0.024                   -0.0044193582
             0.028000001                   -0.0057276537
             0.032000002                   -0.0071869118
             0.035999998                   -0.0087804274
             0.039999999                    -0.010481713
                   0.044                    -0.012271565
                   0.048                    -0.014126099
             0.052000001                    -0.016016194
             0.056000002                    -0.017918346
             0.059999999                    -0.019806851
             0.064000003                    -0.021654816
             0.068000004                    -0.023435678
             0.071999997                    -0.025127345
             0.075999998                    -0.026704383
             0.079999998                    -0.028146316
             0.083999999                    -0.029432933
                   0.088                    -0.030544293
                   0.092                    -0.031467475
             0.096000001                    -0.032187755
                     0.1                    -0.032694828
                   0.104                    -0.032982337
                   0.108                    -0.033045777
                   0.112                    -0.032882515
                   0.116                    -0.032496517
                    0.12                     -0.03189105
                   0.124                    -0.031076011
              0.12800001                    -0.030060667
                   0.132                    -0.028859917
              0.13600001                    -0.027489639
                    0.14                    -0.025968799
              0.14399999                    -0.024317437
                   0.148                    -0.022559203
                   0.152                    -0.020716848
                   0.156                    -0.018816805
                    0.16                    -0.016886158
                   0.164                    -0.014948579
                   0.168                    -0.013034124
              0.17200001                    -0.011166867
                   0.176                   -0.0093732537
              0.18000001                   -0.0076783962
                   0.184                   -0.0061057389
              0.18799999                   -0.0046784969
                   0.192                   -0.0034140486
              0.19599999                   -0.0023321749
                     0.2                   -0.0014484471
                   0.204                  -0.00077511995
                   0.208                  -0.00032324677
                   0.212                  -9.8082578e-05
              0.21600001                  -0.00010515813
                    0.22                  -0.00034458938
              0.22400001                  -0.00081519857
                   0.228                   -0.0015092883
              0.23199999                    -0.002421914
                   0.236                   -0.0035398313
              0.23999999                   -0.0048489048
                   0.244                   -0.0063328217
                   0.248                   -0.0079714979
                   0.252                   -0.0097447328
              0.25600001                    -0.011629412
              0.25999999                     -0.01359955
                   0.264                    -0.015627706
              0.26800001                    -0.017689636
              0.27200001                    -0.019756515
              0.27599999                    -0.021798366
                    0.28                    -0.023790384
              0.28400001                    -0.025702581
              0.28799999                    -0.027510953
                   0.292                    -0.029190002
                   0.296                    -0.030714115
              0.30000001                    -0.032065303
              0.30399999                    -0.033221488
                   0.308                    -0.034168321
              0.31200001                    -0.034891529
              0.31600001                    -0.035379488
              0.31999999                    -0.035625906
                   0.324                    -0.035626311
              0.32800001                    -0.035380052
              0.33199999                    -0.034890024
                   0.336                    -0.034161017
                    0.34                    -0.033205035
              0.34400001                    -0.032033178
              0.34799999                    -0.030660233
                   0.352                    -0.029106809
              0.35600001                    -0.027392849
              0.36000001                    -0.025542197
              0.36399999                    -0.023581152
                   0.368                    -0.021536399
              0.37200001                    -0.019435724
              0.37599999                    -0.017310107
                    0.38                    -0.015187956
                   0.384                    -0.013100899
              0.38800001                    -0.011077189
              0.39199999                   -0.0091483368
                   0.396                   -0.0073415179
              0.40000001                   -0.0056808848
              0.40400001                   -0.0041950314
              0.40799999                   -0.0029046512
                   0.412                   -0.0018293403
              0.41600001                  -0.00098963236
              0.41999999                  -0.00039741687
              0.42399999                  -6.5479155e-05
                   0.428                  -7.7155717e-08
              0.43200001                  -0.00020781954
              0.43599999                  -0.00068907143
                    0.44                   -0.0014411846
              0.44400001                   -0.0024582682
              0.44800001                   -0.0037299612
              0.45199999                   -0.0052435773
                   0.456                   -0.0069824137
              0.46000001                   -0.0089285866
              0.46399999                    -0.011057994
              0.46799999                    -0.013346273
                   0.472                    -0.015766535
              0.47600001                    -0.018290002
              0.47999999                    -0.020885664
                   0.484                    -0.023520174
              0.48800001                     -0.02616213
              0.49200001                    -0.028780017
              0.49599999                    -0.031338798
                     0.5                    -0.033807218
              0.50400001                    -0.036153887
              0.50800002                     -0.03834854
              0.51200002                    -0.040364192
              0.51599997                    -0.042175524
              0.51999998                    -0.043758524
              0.52399999                    -0.045093536
                   0.528                    -0.046165108
              0.53200001                    -0.046959639
              0.53600001                    -0.047468641
              0.54000002                    -0.047686279
              0.54400003                    -0.047611901
              0.54799998                    -0.047248733
              0.55199999                    -0.046604407
              0.55599999                    -0.045690474
                    0.56                    -0.044522152
              0.56400001                    -0.043119476
              0.56800002                    -0.041503693
              0.57200003                    -0.039703435
              0.57599998                    -0.037745049
              0.57999998                    -0.035662735
              0.58399999                     -0.03348848
                   0.588                    -0.031259165
              0.59200001                    -0.029010663
              0.59600002                    -0.026782739
              0.60000002                    -0.024612021
              0.60399997                    -0.022535966
              0.60799998                    -0.020593901
              0.61199999                    -0.018820154
                   0.616                    -0.017249388
                    0.62                    -0.015914439
              0.62400001                    -0.014846081
              0.62800002                    -0.014069774
              0.63200003                    -0.013609494
              0.63599998                    -0.013486087
              0.63999999                    -0.013715707
              0.64399999                    -0.014309756
                   0.648                    -0.015277467
              0.65200001                    -0.016620956
              0.65600002                    -0.018339831
              0.66000003                    -0.020428508
              0.66399997                    -0.022876546
              0.66799998                    -0.025670278
              0.67199999                    -0.028788584
                   0.676                    -0.032211067
              0.68000001                    -0.035910045
              0.68400002                    -0.039853291
              0.68800002                    -0.044010578
              0.69199997                    -0.048343604
              0.69599998                    -0.052814683
              0.69999999                    -0.057383312
                   0.704                    -0.062006201
                   0.708                     -0.06664263
              0.71200001                    -0.071248603
              0.71600002                    -0.075782564
              0.72000003                    -0.080203977
              0.72399998                    -0.084470817
              0.72799999                    -0.088547329
              0.73199999                    -0.092398506
                   0.736                     -0.09599227
              0.74000001                    -0.099300571
              0.74400002                     -0.10230261
              0.74800003                     -0.10497831
              0.75199997                     -0.10731303
              0.75599998                     -0.10929867
              0.75999999                     -0.11093426
                   0.764                     -0.11222203
              0.76800001                     -0.11317102
              0.77200001                       -0.113796
              0.77600002                     -0.11411775
              0.77999997                     -0.11416275
              0.78399998                     -0.11396174
              0.78799999                      -0.1135516
                   0.792                     -0.11297222
                   0.796                      -0.1122731
              0.80000001                     -0.11149848
              0.80400002                     -0.11070342
              0.80800003                     -0.10994167
              0.81199998                     -0.10927033
              0.81599998                     -0.10874706
              0.81999999                     -0.10843023
                   0.824                     -0.10838022
              0.82800001                     -0.10865225
              0.83200002                     -0.10930494
              0.83600003                     -0.11039195
              0.83999997                     -0.11196414
              0.84399998                     -0.11407192
              0.84799999                     -0.11675963
                   0.852                     -0.12006806
              0.85600001                     -0.12403168
              0.86000001                     -0.12868168
              0.86400002                      -0.1340444
              0.86799997                     -0.14014007
              0.87199998                     -0.14697857
              0.87599999                     -0.15457086
                    0.88                     -0.16291936
                   0.884                     -0.17201551
              0.88800001                     -0.18185056
              0.89200002                     -0.19240713
              0.89600003                     -0.20366298
              0.89999998                     -0.21559007
              0.90399998                     -0.22815419
              0.90799999                     -0.24131907
                   0.912                     -0.25504266
              0.91600001                     -0.26927961
              0.92000002                     -0.28398202
              0.92400002                     -0.29910179
              0.92799997                     -0.31458472
              0.93199998                     -0.33038243
              0.93599999                     -0.34644261
                    0.94                     -0.36271684
              0.94400001                     -0.37915883
              0.94800001                      -0.3957241
              0.95200002                     -0.41237549
              0.95599997                     -0.42907836
              0.95999998                     -0.44580709
              0.96399999                       -0.462541
              0.96799999                     -0.47926883
                   0.972                     -0.49598848
              0.97600001                      -0.5127068
              0.98000002                     -0.52944063
              0.98400003                      -0.5462174
              0.98799998                     -0.56307644
              0.99199998                     -0.58006922
              0.99599999                     -0.59725468
                       1                     -0.61470797
               1.0039999                     -0.63251315
                   1.008                      -0.6507655
                   1.012                     -0.66957361
                   1.016                     -0.68905197
                    1.02                     -0.70932916
                   1.024                     -0.73054137
                   1.028                       -0.752833
               1.0319999                     -0.77635717
                   1.036                     -0.80127363
                    1.04                      -0.8277481
                   1.044                     -0.85595307
                   1.048                     -0.88606239
                   1.052                     -0.91825633
                   1.056                     -0.95271748
               1.0599999                     -0.98962992
                   1.064                      -1.0291779
                   1.068                      -1.0715457
                   1.072                      -1.1169181
                   1.076                       -1.165478
                    1.08                      -1.2174054
                   1.084                      -1.2728776
               1.0880001                      -1.3320681
                   1.092                      -1.3951436
                   1.096                      -1.4622687
                     1.1                      -1.5335996
                   1.104                      -1.6092863
                   1.108                      -1.6894679
                   1.112                       -1.774279
               1.1160001                      -1.8638381
                    1.12                      -1.9582588
                   1.124                      -2.0576351
                   1.128                      -2.1620527
                   1.132                      -2.2715759
                   1.136                      -2.3862558
                    1.14                      -2.5061185
               1.1440001                        -2.63117
                   1.148                      -2.7613896
                   1.152                      -2.8967261
                   1.156                       -3.037099
                    1.16                      -3.1823859
                   1.164                      -3.3324277
                   1.168                      -3.4870141
               1.1720001                      -3.6458852
                   1.176                      -3.8087243
               1.1799999                      -3.9751441
                   1.184                      -4.1446903
                   1.188                      -4.3168316
                   1.192                      -4.4909472
                   1.196                      -4.6663263
                     1.2                       -4.842164
                   1.204                      -5.0175546
               1.2079999                      -5.1914878
                   1.212                      -5.3628588
                   1.216                      -5.5304631
                    1.22                       -5.693012
                   1.224                      -5.8491473
                   1.228                      -5.9974635
                   1.232                       -6.136529
               1.2359999                      -6.2649319
                    1.24                       -6.381308
                   1.244                      -6.4843901
                   1.248                      -6.5730509
                   1.252                      -6.6463423
                   1.256                      -6.7035431
                    1.26                      -6.7441806
               1.2640001                      -6.7680555
                   1.268                      -6.7752526
                   1.272                      -6.7661308
                   1.276                      -6.7413106
                    1.28                       -6.701642
                   1.284                      -6.6481681
                   1.288                      -6.5820847
               1.2920001                      -6.5046949
                   1.296                      -6.4173631
                     1.3                      -6.3214779
                   1.304                      -6.2184133
                   1.308                      -6.1095024
                   1.312                      -5.9960094
                   1.316                      -5.8791178
               1.3200001                      -5.7599149
                   1.324                      -5.6393884
               1.3279999                       -5.518423
                   1.332                      -5.3977938
                   1.336                      -5.2781867
                    1.34                      -5.1601828
                   1.344                      -5.0442793
                   1.348                      -4.9308923
                   1.352                      -4.8203554
               1.3559999                       -4.712944
                    1.36                      -4.6088604
                   1.364                      -4.5082567
                   1.368                      -4.4112349
                   1.372                      -4.3178524
                   1.376                      -4.2281249
                    1.38                      -4.1420374
               1.3839999                       -4.059541
                   1.388                      -3.9805624
                   1.392                      -3.9050038
                   1.396                      -3.8327495
                     1.4                      -3.7636665
                   1.404                      -3.6976073
                   1.408                       -3.634414
               1.4119999                      -3.5739206
                   1.416                      -3.5159521
                    1.42                      -3.4603316
                   1.424                      -3.4068793
                   1.428                      -3.3554154
                   1.432                      -3.3057609
                   1.436                      -3.2577414
               1.4400001                      -3.2111866
                   1.444                      -3.1659324
                   1.448                      -3.1218235
                   1.452                      -3.0787118
                   1.456                      -3.0364635
                    1.46                      -2.9949554
                   1.464                      -2.9540745
               1.4680001                      -2.9137204
                   1.472                      -2.8738097
                   1.476                      -2.8342695
                    1.48                      -2.7950444
                   1.484                      -2.7560891
                   1.488                       -2.717375
                   1.492                       -2.678886
               1.4960001                      -2.6406176
                     1.5                      -2.6025816
               1.5039999                      -2.5647936
                   1.508                      -2.5272862
                   1.512                      -2.4900989
                   1.516                      -2.4532804
                    1.52                      -2.4168834
                   1.524                      -2.3809683
                   1.528                      -2.3455993
               1.5319999                      -2.3108436
                   1.536                       -2.276771
                    1.54                      -2.2434499
                   1.544                      -2.2109521
                   1.548                      -2.1793423
                   1.552                      -2.1486869
                   1.556                      -2.1190465
               1.5599999                      -2.0904766
                   1.564                      -2.0630288
                   1.568                      -2.0367486
                   1.572                      -2.0116729
                   1.576                      -1.9878324
                    1.58                      -1.9652515
                   1.584                      -1.9439465
               1.5880001                       -1.923922
                   1.592                      -1.9051773
                   1.596                      -1.8877059
                     1.6                      -1.8714869
                   1.604                      -1.8564936
                   1.608                      -1.8426947
                   1.612                      -1.8300472
               1.6160001                       -1.818502
                    1.62                       -1.808004
                   1.624                      -1.7984895
                   1.628                       -1.789893
                   1.632                      -1.7821398
                   1.636                      -1.7751536
                    1.64                      -1.7688534
               1.6440001                      -1.7631549
                   1.648                      -1.7579734
                   1.652                      -1.7532227
                   1.656                      -1.7488156
                    1.66                      -1.7446671
                   1.664                      -1.7406929
                   1.668                       -1.736812
               1.6720001                      -1.7329463
                   1.676                       -1.729024
               1.6799999                      -1.7249753
                   1.684                      -1.7207385
                   1.688                      -1.7162597
                   1.692                      -1.7114894
                   1.696                      -1.7063883
                     1.7                      -1.7009232
                   1.704                      -1.6950699
               1.7079999                      -1.6888154
                   1.712                      -1.6821498
                   1.716                      -1.6750771
                    1.72                       -1.667606
                   1.724                       -1.659757
                   1.728                      -1.6515531
                   1.732                      -1.6430283
               1.7359999                      -1.6342237
                    1.74                      -1.6251828
                   1.744                      -1.6159555
                   1.748                      -1.6065997
                   1.752                      -1.5971714
                   1.756                      -1.5877334
                    1.76                      -1.5783472
               1.7640001                      -1.5690776
                   1.768                      -1.5599885
                   1.772                      -1.5511424
                   1.776                      -1.5426017
                    1.78                      -1.5344259
                   1.784                      -1.5266711
                   1.788                      -1.5193889
               1.7920001                      -1.5126297
                   1.796                      -1.5064333
                     1.8                      -1.5008412
                   1.804                      -1.4958835
                   1.808                      -1.4915863
                   1.812                       -1.487971
                   1.816                      -1.4850478
               1.8200001                      -1.4828254
                   1.824                      -1.4813028
               1.8279999                      -1.4804727
                   1.832                      -1.4803212
                   1.836                      -1.4808308
                    1.84                      -1.4819727
                   1.844                      -1.4837172
                   1.848                      -1.4860265
                   1.852                      -1.4888575
               1.8559999                      -1.4921659
                    1.86                      -1.4958997
                   1.864                      -1.5000056
                   1.868                      -1.5044274
                   1.872                      -1.5091065
                   1.876                      -1.5139825
                    1.88                      -1.5189975
               1.8839999                      -1.5240901
                   1.888                      -1.5292013
                   1.892                      -1.5342757
                   1.896                      -1.5392561
                     1.9                      -1.5440922
                   1.904                      -1.5487363
                   1.908                      -1.5531446
               1.9119999                      -1.5572779
                   1.916                      -1.5611038
                    1.92                      -1.5645933
                   1.924                      -1.5677281
                   1.928                      -1.5704918
                   1.932                       -1.572876
                   1.936                      -1.5748789
               1.9400001                      -1.5765065
                   1.944                      -1.5777691
                   1.948                      -1.5786859
                   1.952                      -1.5792811
                   1.956                      -1.5795843
                    1.96                      -1.5796284
                   1.964                      -1.5794559
               1.9680001                      -1.5791089
                   1.972                      -1.5786353
                   1.976                      -1.5780861
                    1.98                      -1.5775131
                   1.984                      -1.5769711
                   1.988                      -1.5765137
                   1.992                      -1.5761985
               1.9960001                      -1.5760779
                       2                      -1.5762075
               2.0039999                      -1.5766379
               2.0079999                      -1.5774185
               2.0120001                      -1.5785954
                   2.016                      -1.5802125
                    2.02                      -1.5823062
               2.0239999                      -1.5849122
               2.0280001                        -1.58806
               2.0320001                      -1.5917737
                   2.036                      -1.5960731
                    2.04                      -1.6009706
               2.0439999                      -1.6064746
               2.0480001                      -1.6125869
                   2.052                      -1.6193052
                   2.056                      -1.6266184
               2.0599999                      -1.6345144
               2.0639999                      -1.6429724
               2.0680001                       -1.651966
                   2.072                      -1.6614678
                   2.076                      -1.6714438
               2.0799999                       -1.681856
               2.0840001                      -1.6926626
               2.0880001                      -1.7038202
                   2.092                      -1.7152833
                   2.096                      -1.7270025
               2.0999999                        -1.73893
               2.1040001                      -1.7510147
                   2.108                      -1.7632079
                   2.112                      -1.7754602
               2.1159999                       -1.787725
               2.1199999                      -1.7999552
               2.1240001                      -1.8121084
                   2.128                      -1.8241475
                   2.132                      -1.8360339
               2.1359999                       -1.847736
               2.1400001                      -1.8592299
               2.1440001                      -1.8704899
                   2.148                      -1.8815015
                   2.152                      -1.8922546
               2.1559999                      -1.9027417
               2.1600001                      -1.9129662
                   2.164                      -1.9229338
                   2.168                      -1.9326562
               2.1719999                      -1.9421517
               2.1760001                      -1.9514457
               2.1800001                      -1.9605665
                   2.184                      -1.9695466
                   2.188                       -1.978425
               2.1919999                      -1.9872434
               2.1960001                      -1.9960471
                     2.2                       -2.004885
                   2.204                      -2.0138071
               2.2079999                      -2.0228647
               2.2119999                       -2.032114
               2.2160001                      -2.0416052
                    2.22                      -2.0513952
                   2.224                      -2.0615346
               2.2279999                      -2.0720756
               2.2320001                      -2.0830689
               2.2360001                      -2.0945583
                    2.24                      -2.1065927
                   2.244                      -2.1192097
               2.2479999                      -2.1324487
               2.2520001                      -2.1463393
                   2.256                      -2.1609144
                    2.26                      -2.1761958
               2.2639999                      -2.1922016
               2.2679999                      -2.2089465
               2.2720001                      -2.2264397
                   2.276                      -2.2446852
                    2.28                      -2.2636821
               2.2839999                      -2.2834227
               2.2880001                      -2.3038964
               2.2920001                       -2.325085
                   2.296                      -2.3469706
                     2.3                      -2.3695309
               2.3039999                      -2.3927313
               2.3080001                      -2.4165455
                   2.312                      -2.4409373
                   2.316                      -2.4658675
               2.3199999                      -2.4912984
               2.3239999                       -2.517189
               2.3280001                      -2.5434976
                   2.332                       -2.570183
                   2.336                      -2.5972037
               2.3399999                       -2.624518
               2.3440001                      -2.6520885
                   2.348                      -2.6798749
                   2.352                      -2.7078463
               2.3559999                      -2.7359687
               2.3599999                      -2.7642149
               2.3640001                      -2.7925625
                   2.368                      -2.8209921
                   2.372                      -2.8494892
               2.3759999                      -2.8780453
               2.3800001                      -2.9066565
               2.3840001                      -2.9353247
                   2.388                        -2.96406
                   2.392                      -2.9928743
               2.3959999                      -3.0217875
               2.4000001                      -3.0508265
                   2.404                      -3.0800204
                   2.408                      -3.1094055
               2.4119999                      -3.1390247
               2.4159999                       -3.168921
               2.4200001                      -3.1991477
                   2.424                      -3.2297552
                   2.428                      -3.2608026
               2.4319999                      -3.2923502
               2.4360001                      -3.3244583
               2.4400001                      -3.3571915
                   2.444                      -3.3906158
                   2.448                      -3.4247957
               2.4519999                      -3.4597971
               2.4560001                      -3.4956852
                    2.46                      -3.5325225
                   2.464                      -3.5703742
               2.4679999                      -3.6092975
               2.4719999                      -3.6493549
               2.4760001                      -3.6905956
                    2.48                      -3.7330766
                   2.484                      -3.7768441
               2.4879999                      -3.8219416
               2.4920001                      -3.8684122
               2.4960001                      -3.9162882
                     2.5                       -3.965602
               2.5039999                      -4.0163832
               2.5079999                      -4.0686525
               2.5120001                      -4.1224264
                   2.516                      -4.1777202
                    2.52                      -4.2345387
               2.5239999                      -4.2928894
               2.5280001                       -4.352771
               2.5320001                      -4.4141787
                   2.536                      -4.4771064
                    2.54                      -4.5415409
               2.5439999                      -4.6074681
               2.5480001                      -4.6748701
                   2.552                      -4.7437281
                   2.556                      -4.8140201
               2.5599999                      -4.8857225
               2.5639999                      -4.9588099
               2.5680001                      -5.0332593
                   2.572                      -5.1090458
                   2.576                      -5.1861435
               2.5799999                      -5.2645301
               2.5840001                      -5.3441822
               2.5880001                      -5.4250799
                   2.592                      -5.5072055
                   2.596                      -5.5905425
               2.5999999                      -5.6750802
               2.6040001                      -5.7608091
                   2.608                      -5.8477246
                   2.612                      -5.9358265
               2.6159999                      -6.0251168
               2.6199999                      -6.1156048
               2.6240001                      -6.2073001
                   2.628                      -6.3002217
                   2.632                       -6.394387
               2.6359999                      -6.4898233
               2.6400001                      -6.5865564
               2.6440001                      -6.6846197
                   2.648                       -6.784046
                   2.652                      -6.8848727
               2.6559999                       -6.987138
               2.6600001                      -7.0908818
                   2.664                      -7.1961409
                   2.668                      -7.3029566
               2.6719999                       -7.411363
               2.6760001                      -7.5213959
               2.6800001                      -7.6330834
                   2.684                      -7.7464505
                   2.688                      -7.8615137
               2.6919999                      -7.9782822
               2.6960001                      -8.0967566
                     2.7                      -8.2169243
                   2.704                      -8.3387596
               2.7079999                      -8.4622243
               2.7119999                      -8.5872598
               2.7160001                      -8.7137911
                    2.72                      -8.8417236
                   2.724                      -8.9709379
               2.7279999                      -9.1012898
               2.7320001                      -9.2326086
               2.7360001                      -9.3646944
                    2.74                      -9.4973155
                   2.744                      -9.6302081
               2.7479999                      -9.7630724
               2.7520001                      -9.8955714
                   2.756                      -10.027333
                    2.76                      -10.157942
               2.7639999                       -10.28695
               2.7679999                      -10.413864
               2.7720001                      -10.538157
                   2.776                      -10.659267
                    2.78                        -10.7766
               2.7839999                       -10.88953
               2.7880001                      -10.997417
               2.7920001                      -11.099598
                   2.796                       -11.19541
                     2.8                      -11.284187
               2.8039999                      -11.365284
               2.8080001                      -11.438072
                   2.812                      -11.501969
                   2.816                      -11.556433
               2.8199999                       -11.60099
               2.8239999                      -11.635232
               2.8280001                      -11.658838
                   2.832                      -11.671571
                   2.836                      -11.673295
               2.8399999                      -11.663961
               2.8440001                      -11.643624
                   2.848                      -11.612437
                   2.852                      -11.570636
               2.8559999                      -11.518541
               2.8599999                      -11.456548
               2.8640001                      -11.385117
                   2.868                      -11.304759
                   2.872                      -11.216021
               2.8759999                      -11.119486
               2.8800001                      -11.015754
               2.8840001                      -10.905432
                   2.888                      -10.789128
                   2.892                      -10.667439
               2.8959999                      -10.540953
               2.9000001                      -10.410232
                   2.904                      -10.275819
                   2.908                      -10.138234
               2.9119999                      -9.9979582
               2.9159999                      -9.8554523
               2.9200001                      -9.7111442
                   2.924                      -9.5654336
                   2.928                      -9.4186908
               2.9319999                      -9.2712594
               2.9360001                      -9.1234526
               2.9400001                      -8.9755653
                   2.944                      -8.8278656
                   2.948                      -8.6806003
               2.9519999                       -8.533994
               2.9560001                      -8.3882559
                    2.96                      -8.2435734
                   2.964                      -8.1001225
               2.9679999                      -7.9580607
               2.9719999                       -7.817533
               2.9760001                      -7.6786732
                    2.98                      -7.5415987
                   2.984                      -7.4064211
               2.9879999                      -7.2732371
               2.9920001                      -7.1421347
               2.9960001                      -7.0131943
                       3                      -6.8864846
               3.0039999                      -6.7620681
               3.0079999                      -6.6399969
               3.0120001                      -6.5203173
                   3.016                      -6.4030664
                    3.02                      -6.2882731
               3.0239999                      -6.1759631
               3.0280001                      -6.0661496
               3.0320001                      -5.9588418
                   3.036                      -5.8540427
                    3.04                      -5.7517443
               3.0439999                      -5.6519399
               3.0480001                       -5.554609
                   3.052                      -5.4597263
                   3.056                      -5.3672635
               3.0599999                      -5.2771882
               3.0639999                      -5.1894545
               3.0680001                      -5.1040161
                   3.072                      -5.0208233
                   3.076                      -4.9398184
               3.0799999                      -4.8609407
               3.0840001                      -4.7841223
               3.0880001                      -4.7092968
                   3.092                      -4.6363915
                   3.096                      -4.5653303
               3.0999999                       -4.496032
               3.1040001                      -4.4284194
                   3.108                      -4.3624103
                   3.112                      -4.2979202
               3.1159999                      -4.2348673
               3.1199999                      -4.1731654
               3.1240001                      -4.1127322
                   3.128                      -4.0534888
                   3.132                      -3.9953517
               3.1359999                      -3.9382437
               3.1400001                      -3.8820915
               3.1440001                      -3.8268209
                   3.148                      -3.7723689
                   3.152                      -3.7186675
               3.1559999                      -3.6656604
               3.1600001                      -3.6132956
                   3.164                      -3.5615248
                   3.168                      -3.5103064
               3.1719999                      -3.4596037
               3.1760001                      -3.4093891
               3.1800001                      -3.3596399
                   3.184                      -3.3103414
                   3.188                      -3.2614801
               3.1919999                      -3.2130523
               3.1960001                      -3.1650643
                     3.2                      -3.1175192
                   3.204                      -3.0704342
               3.2079999                      -3.0238247
               3.2119999                      -2.9777154
               3.2160001                      -2.9321326
                    3.22                      -2.8871061
                   3.224                       -2.842671
               3.2279999                      -2.7988623
               3.2320001                      -2.7557182
               3.2360001                      -2.7132782
                    3.24                      -2.6715819
                   3.244                       -2.630667
               3.2479999                      -2.5905726
               3.2520001                       -2.551337
                   3.256                      -2.5129965
                    3.26                       -2.475583
               3.2639999                      -2.4391271
               3.2679999                      -2.4036548
               3.2720001                      -2.3691913
                   3.276                      -2.3357528
                    3.28                      -2.3033546
               3.2839999                      -2.2720059
               3.2880001                      -2.2417096
               3.2920001                      -2.2124663
                   3.296                      -2.1842688
                     3.3                      -2.1571055
               3.3039999                      -2.1309568
               3.3080001                      -2.1058002
                   3.312                      -2.0816069
                   3.316                      -2.0583441
               3.3199999                      -2.0359717
               3.3239999                      -2.0144474
               3.3280001                      -1.9937207
                   3.332                      -1.9737415
                   3.336                      -1.9544533
               3.3399999                      -1.9357965
               3.3440001                      -1.9177126
                   3.348                      -1.9001335
                   3.352                      -1.8829996
               3.3559999                      -1.8662413
               3.3599999                      -1.8497946
               3.3640001                      -1.8335937
                   3.368                      -1.8175767
                   3.372                      -1.8016799
               3.3759999                      -1.7858463
               3.3800001                      -1.7700175
               3.3840001                      -1.7541435
                   3.388                      -1.7381776
                   3.392                      -1.7220769
               3.3959999                      -1.7058047
               3.4000001                       -1.689332
                   3.404                      -1.6726319
                   3.408                      -1.6556888
               3.4119999                       -1.638492
               3.4159999                      -1.6210367
               3.4200001                      -1.6033252
                   3.424                      -1.5853683
                   3.428                      -1.5671826
               3.4319999                      -1.5487892
               3.4360001                      -1.5302183
               3.4400001                      -1.5115036
                   3.444                      -1.4926835
                   3.448                      -1.4738028
               3.4519999                      -1.4549082
               3.4560001                      -1.4360506
                    3.46                       -1.417284
                   3.464                      -1.3986625
               3.4679999                       -1.380244
               3.4719999                      -1.3620829
               3.4760001                      -1.3442369
                    3.48                      -1.3267589
                   3.484                      -1.3097049
               3.4879999                      -1.2931234
               3.4920001                      -1.2770621
               3.4960001                       -1.261565
                     3.5                      -1.2466709
               3.5039999                      -1.2324142
               3.5079999                      -1.2188238
               3.5120001                      -1.2059236
                   3.516                      -1.1937312
                    3.52                      -1.1822576
               3.5239999                       -1.171507
               3.5280001                      -1.1614778
               3.5320001                      -1.1521618
                   3.536                      -1.1435455
                    3.54                      -1.1356044
               3.5439999                      -1.1283129
               3.5480001                      -1.1216365
                   3.552                       -1.115535
                   3.556                      -1.1099641
               3.5599999                      -1.1048744
               3.5639999                      -1.1002092
               3.5680001                      -1.0959118
                   3.572                      -1.0919212
                   3.576                      -1.0881732
               3.5799999                      -1.0846012
               3.5840001                      -1.0811404
               3.5880001                       -1.077722
                   3.592                      -1.0742787
                   3.596                      -1.0707462
               3.5999999                       -1.067064
               3.6040001                      -1.0631692
                   3.608                      -1.0590081
                   3.612                      -1.0545294
               3.6159999                      -1.0496848
               3.6199999                      -1.0444361
               3.6240001                      -1.0387489
                   3.628                      -1.0325956
                   3.632                      -1.0259583
               3.6359999                      -1.0188242
               3.6400001                      -1.0111896
               3.6440001                      -1.0030588
                   3.648                     -0.99444257
                   3.652                     -0.98536084
               3.6559999                     -0.97584007
               3.6600001                     -0.96591398
                   3.664                     -0.95562387
                   3.668                     -0.94501376
               3.6719999                     -0.93413758
               3.6760001                     -0.92305292
               3.6800001                     -0.91181946
                   3.684                     -0.90049987
                   3.688                     -0.88916081
               3.6919999                     -0.87787082
               3.6960001                     -0.86669806
                     3.7                     -0.85570822
                   3.704                      -0.8449714
               3.7079999                      -0.8345483
               3.7119999                     -0.82450426
               3.7160001                     -0.81489666
                    3.72                     -0.80577971
                   3.724                     -0.79720123
               3.7279999                     -0.78920629
               3.7320001                     -0.78183287
               3.7360001                     -0.77511041
                    3.74                     -0.76906405
                   3.744                     -0.76370992
               3.7479999                     -0.75905667
               3.7520001                     -0.75510713
                   3.756                     -0.75185413
                    3.76                     -0.74928477
               3.7639999                     -0.74737693
               3.7679999                     -0.74610093
               3.7720001                     -0.74542215
                   3.776                      -0.7452968
                    3.78                     -0.74567415
               3.7839999                     -0.74650138
               3.7880001                      -0.7477148
               3.7920001                     -0.74925143
                   3.796                     -0.75104203
                     3.8                      -0.7530133
               3.8039999                     -0.75509113
               3.8080001                     -0.75719961
                   3.812                     -0.75926385
                   3.816                     -0.76120582
               3.8199999                     -0.76295335
               3.8239999                     -0.76443573
               3.8280001                     -0.76558258
                   3.832                     -0.76633137
                   3.836                     -0.76662514
               3.8399999                     -0.76641057
               3.8440001                     -0.76564409
                   3.848                     -0.76428761
                   3.852                     -0.76231214
               3.8559999                     -0.75969816
               3.8599999                     -0.75643296
               3.8640001                     -0.75251595
                   3.868                      -0.7479542
                   3.872                     -0.74276316
               3.8759999                     -0.73697092
               3.8800001                     -0.73060916
               3.8840001                     -0.72372188
                   3.888                     -0.71635907
                   3.892                     -0.70857911
               3.8959999                      -0.7004445
               3.9000001                     -0.69202519
                   3.904                     -0.68339435
                   3.908                     -0.67462917
               3.9119999                     -0.66581042
               3.9159999                     -0.65701829
               3.9200001                     -0.64833412
                   3.924                     -0.63983964
                   3.928                     -0.63161401
               3.9319999                     -0.62373363
               3.9360001                     -0.61627249
               3.9400001                     -0.60929878
                   3.944                     -0.60287581
                   3.948                     -0.59706152
               3.9519999                     -0.59190772
               3.9560001                     -0.58745476
                    3.96                     -0.58374175
                   3.964                     -0.58079271
               3.9679999                     -0.57862888
               3.9719999                     -0.57725845
               3.9760001                      -0.5766815
                    3.98                     -0.57688945
                   3.984                     -0.57786459
               3.9879999                     -0.57958051
               3.9920001                     -0.58200156
               3.9960001                     -0.58508316
                       4                      -0.5887734

